0 0.216017 0.364991 0.013694 0.021749
0 0.243325 0.374840 0.015142 0.010270
0 0.320906 0.350069 0.015966 0.008095
0 0.336458 0.341792 0.034153 0.007250
0 0.233667 0.349949 0.014193 0.010027
0 0.239072 0.337504 0.017239 0.013172
0 0.249625 0.324333 0.018363 0.008095
0 0.718434 0.516328 0.017722 0.011481
0 0.663886 0.588824 0.018525 0.007128
0 0.564646 0.570942 0.012407 0.008819
0 0.569640 0.626045 0.041402 0.016565
0 0.482660 0.624227 0.019818 0.014377
0 0.457045 0.629121 0.017880 0.031897
0 0.314468 0.621992 0.017884 0.008700
0 0.325987 0.623864 0.026743 0.011721
0 0.342492 0.607674 0.023376 0.018244
0 0.345479 0.630631 0.042209 0.026704
0 0.308176 0.636008 0.014322 0.019333
0 0.267500 0.639934 0.019960 0.010995
0 0.257260 0.608338 0.023681 0.010873
0 0.224719 0.597948 0.012083 0.014015
0 0.214246 0.555415 0.012407 0.010632
0 0.301000 0.541943 0.014501 0.017279
0 0.330321 0.520678 0.014821 0.009303
0 0.460574 0.528048 0.011438 0.011235
0 0.175822 0.491378 0.010956 0.015226
0 0.104294 0.479898 0.010632 0.015466
0 0.217389 0.456579 0.022232 0.016917
0 0.302290 0.472951 0.016432 0.017277
0 0.280871 0.485033 0.025116 0.020662
0 0.268054 0.451443 0.014659 0.013894
0 0.258710 0.447698 0.014339 0.014618
0 0.250574 0.430601 0.013211 0.012324
0 0.402736 0.453860 0.022715 0.010513
0 0.208689 0.417733 0.012887 0.010997
0 0.206916 0.423532 0.018046 0.009787
0 0.071348 0.433078 0.014983 0.013170
0 0.124512 0.414893 0.018204 0.015709
0 0.093338 0.400575 0.023522 0.013170
0 0.051371 0.317930 0.009825 0.016312
0 0.161726 0.317447 0.016594 0.007855
0 0.158424 0.365837 0.017722 0.009184
0 0.199988 0.367591 0.016756 0.010270
0 0.256786 0.307659 0.016898 0.007852
0 0.085934 0.298777 0.019349 0.028274
0 0.113573 0.267847 0.011438 0.011116
0 0.202566 0.294792 0.013532 0.008700
0 0.213279 0.280775 0.012728 0.010875
0 0.229552 0.283736 0.017239 0.016312
0 0.202970 0.247547 0.007249 0.013775
0 0.127975 0.213715 0.015466 0.009182
0 0.153188 0.228818 0.012083 0.008941
0 0.112348 0.248514 0.014497 0.010873
0 0.103649 0.246038 0.016432 0.011962
0 0.196042 0.211311 0.016594 0.010875
0 0.266605 0.227067 0.027550 0.009060
0 0.307606 0.215528 0.019332 0.010635
0 0.292865 0.194939 0.035281 0.022597
0 0.223993 0.180857 0.018687 0.010161
0 0.194350 0.185508 0.007087 0.016543
0 0.153591 0.201766 0.008380 0.014499
0 0.157779 0.206291 0.007735 0.010742
0 0.171554 0.197948 0.028836 0.020662
0 0.150369 0.168774 0.016432 0.013787
0 0.226176 0.134211 0.015321 0.018368
0 0.296989 0.130894 0.017722 0.009799
0 0.300605 0.145207 0.011131 0.009184
0 0.318399 0.160733 0.015463 0.014621
0 0.366731 0.185624 0.012887 0.007855
0 0.300195 0.162304 0.022553 0.016796
0 0.388562 0.233593 0.018849 0.017760
0 0.309795 0.082498 0.033671 0.012808
0 0.363686 0.061837 0.013211 0.009908
0 0.318489 0.097540 0.008234 0.016796
0 0.316224 0.100923 0.023360 0.014861
0 0.341920 0.107871 0.016432 0.008698
0 0.357307 0.113731 0.019494 0.021143
0 0.358998 0.120618 0.019332 0.009787
0 0.375284 0.116632 0.019656 0.012445
0 0.490136 0.050357 0.012566 0.013532
0 0.447049 0.049390 0.018509 0.011840
0 0.421827 0.077000 0.022556 0.005196
0 0.435764 0.089566 0.013049 0.008095
0 0.474750 0.087511 0.013370 0.011238
0 0.412966 0.084974 0.020622 0.016312
0 0.415465 0.093673 0.026584 0.007128
0 0.438743 0.148289 0.019656 0.009787
0 0.477569 0.139709 0.017077 0.006887
0 0.507632 0.133305 0.024325 0.008822
0 0.513512 0.076576 0.019656 0.008217
0 0.547827 0.073375 0.020298 0.007128
0 0.603568 0.074160 0.015787 0.012567
0 0.582851 0.135601 0.010152 0.011238
0 0.572700 0.161035 0.019494 0.007006
0 0.487646 0.186288 0.014676 0.011357
0 0.550002 0.213292 0.010473 0.008336
0 0.720837 0.104790 0.014821 0.007855
0 0.751847 0.111073 0.020460 0.003504
0 0.777060 0.127626 0.021263 0.007371
0 0.794387 0.134030 0.016286 0.008338
0 0.718580 0.137897 0.012245 0.015828
0 0.700375 0.138803 0.020942 0.010875
0 0.654461 0.156685 0.008056 0.014501
0 0.623368 0.176984 0.019335 0.009906
0 0.669203 0.187496 0.015304 0.011357
0 0.696025 0.173723 0.013532 0.009425
0 0.861349 0.192692 0.006898 0.016218
0 0.839064 0.210097 0.027606 0.023626
0 0.796668 0.256302 0.005407 0.015377
0 0.813070 0.267695 0.028892 0.008807
0 0.787720 0.269374 0.015096 0.009645
0 0.768428 0.256582 0.011928 0.010625
0 0.693399 0.264340 0.014722 0.010486
0 0.684640 0.255812 0.015099 0.011882
0 0.640929 0.249102 0.014914 0.012440
0 0.615205 0.237429 0.007083 0.014819
0 0.594702 0.283353 0.011184 0.008527
0 0.660222 0.270701 0.018452 0.009506
0 0.564411 0.277132 0.010999 0.013981
0 0.545575 0.296075 0.018843 0.007130
0 0.639148 0.306141 0.012880 0.013279
0 0.662262 0.299781 0.022202 0.017894
0 0.680529 0.315857 0.017354 0.012304
0 0.638218 0.353254 0.026673 0.020551
0 0.738697 0.368352 0.011369 0.016357
0 0.792007 0.359545 0.013981 0.013003
0 0.858729 0.336127 0.027047 0.007269
0 0.889301 0.354442 0.014745 0.011186
0 0.923419 0.365136 0.026283 0.007411
0 0.848757 0.380095 0.025370 0.013003
0 0.913914 0.418611 0.012490 0.010625
0 0.913633 0.418611 0.034673 0.023765
0 0.900114 0.419451 0.028535 0.007830
0 0.853604 0.414277 0.030589 0.019854
0 0.715954 0.414208 0.018826 0.012443
0 0.646417 0.391910 0.012880 0.009787
0 0.808681 0.459153 0.017540 0.020692
0 0.811300 0.453981 0.008948 0.010625
0 0.721827 0.490188 0.028707 0.025724
0 0.622607 0.412460 0.013806 0.010030
0 0.562424 0.445701 0.026336 0.017631
0 0.522525 0.456781 0.012530 0.006146
0 0.483715 0.422893 0.009058 0.018926
0 0.496979 0.405909 0.014018 0.024750
0 0.533750 0.378816 0.012077 0.015851
0 0.539788 0.373073 0.013373 0.012778
0 0.561453 0.374286 0.023958 0.011969
0 0.513682 0.324467 0.018568 0.007763
0 0.490293 0.363287 0.011002 0.016500
0 0.443373 0.333120 0.020728 0.016662
0 0.424501 0.367898 0.021806 0.008896
0 0.379436 0.322687 0.020056 0.014234
0 0.318497 0.366937 0.021267 0.005799
