0 0.630835 0.173987 0.010268 0.013281
0 0.590488 0.209643 0.026095 0.016091
0 0.557495 0.236625 0.023489 0.016622
0 0.649102 0.233969 0.015863 0.011897
0 0.679028 0.237191 0.014167 0.007969
0 0.436801 0.247661 0.013237 0.008249
0 0.419838 0.263740 0.015470 0.011324
0 0.450035 0.268631 0.022179 0.011324
0 0.493084 0.274852 0.025929 0.014819
0 0.481257 0.289756 0.010437 0.011882
0 0.449932 0.094230 0.019031 0.020131
0 0.418244 0.105973 0.021640 0.010067
0 0.425327 0.132467 0.023876 0.007130
0 0.552183 0.090036 0.021435 0.018733
0 0.416949 0.080810 0.009692 0.010067
0 0.408738 0.077119 0.017913 0.011882
0 0.352080 0.150933 0.018267 0.014400
0 0.351615 0.160300 0.011372 0.010203
0 0.368857 0.171415 0.011558 0.011183
0 0.376584 0.169317 0.017725 0.005593
0 0.352641 0.172463 0.016776 0.009087
0 0.495984 0.174546 0.017894 0.010486
0 0.529721 0.172659 0.017894 0.012024
0 0.523654 0.188875 0.014001 0.007830
0 0.498676 0.201248 0.010645 0.014400
0 0.580051 0.149382 0.023859 0.016076
0 0.621711 0.146376 0.026657 0.023765
0 0.654983 0.114501 0.011184 0.012024
0 0.654238 0.143720 0.011558 0.009787
0 0.688070 0.156581 0.015843 0.010345
0 0.402688 0.298493 0.015470 0.008668
0 0.565885 0.300730 0.027960 0.016778
0 0.690493 0.261586 0.019570 0.020131
0 0.792641 0.290036 0.046412 0.029497
0 0.841655 0.327991 0.018846 0.009226
0 0.796827 0.346376 0.014931 0.007688
0 0.775762 0.349591 0.013813 0.011885
0 0.795064 0.377552 0.013608 0.010764
0 0.887146 0.382584 0.016964 0.011885
0 0.854704 0.424385 0.015116 0.006290
0 0.860949 0.572434 0.012321 0.014120
0 0.846883 0.576488 0.014726 0.004613
0 0.725630 0.630941 0.020876 0.009229
0 0.743897 0.648471 0.021624 0.011044
0 0.832624 0.655197 0.011558 0.010206
0 0.677308 0.354303 0.012156 0.015615
0 0.618763 0.366622 0.014683 0.016066
0 0.629593 0.371271 0.011792 0.009839
0 0.648065 0.370820 0.016005 0.008936
0 0.671772 0.381649 0.014081 0.009658
0 0.682417 0.383410 0.013247 0.008304
0 0.690728 0.392121 0.014683 0.010198
0 0.712146 0.402592 0.024788 0.013814
0 0.651490 0.377896 0.037318 0.029606
0 0.668102 0.405874 0.017811 0.012636
0 0.614423 0.392111 0.011564 0.021389
0 0.632361 0.403844 0.020939 0.010198
0 0.572731 0.328353 0.021303 0.020759
0 0.745860 0.428118 0.016746 0.009360
0 0.758861 0.428586 0.028601 0.012014
0 0.685432 0.430926 0.017371 0.017473
0 0.701761 0.442861 0.012378 0.008738
0 0.651837 0.437362 0.009468 0.015523
0 0.639459 0.437166 0.006134 0.015290
0 0.735304 0.462246 0.014147 0.017706
0 0.713358 0.501718 0.011233 0.017552
0 0.676318 0.524742 0.034183 0.009499
0 0.670220 0.533074 0.029911 0.006352
0 0.680665 0.538173 0.034815 0.022840
0 0.650369 0.533075 0.014917 0.009499
0 0.650248 0.527626 0.010496 0.006642
0 0.643838 0.519353 0.012126 0.010952
0 0.657902 0.522440 0.029997 0.013636
0 0.677669 0.524567 0.008935 0.018123
0 0.640261 0.510058 0.018803 0.021734
0 0.629663 0.484449 0.012665 0.006875
0 0.628848 0.477923 0.017556 0.005712
0 0.642055 0.462133 0.011346 0.010838
0 0.623638 0.462686 0.012593 0.010779
0 0.621349 0.466443 0.017791 0.010838
0 0.654020 0.476699 0.025638 0.017014
0 0.640303 0.490801 0.018112 0.012703
0 0.613072 0.484245 0.014616 0.020687
0 0.616374 0.496715 0.006458 0.013693
0 0.587088 0.490392 0.028046 0.008507
0 0.611169 0.428627 0.024170 0.015965
0 0.589259 0.444185 0.009392 0.011188
0 0.590506 0.450769 0.015304 0.012937
0 0.563932 0.454586 0.017646 0.005769
0 0.577024 0.453012 0.019431 0.012061
0 0.575780 0.458666 0.013836 0.012877
0 0.311462 0.164219 0.029392 0.011176
0 0.300886 0.171633 0.014901 0.011173
0 0.299076 0.177429 0.019077 0.014621
0 0.280410 0.160825 0.020761 0.015662
0 0.263361 0.164845 0.021445 0.015350
0 0.283406 0.183852 0.017837 0.029554
0 0.307981 0.223692 0.013800 0.016709
0 0.228406 0.182390 0.018393 0.016813
0 0.210165 0.194451 0.021455 0.019214
0 0.178218 0.217216 0.016290 0.011069
0 0.152426 0.254092 0.019573 0.020551
0 0.116820 0.279007 0.017695 0.013157
0 0.222573 0.274518 0.013102 0.010861
0 0.239357 0.276239 0.013231 0.012636
0 0.265673 0.277910 0.011280 0.008876
0 0.286488 0.279634 0.015595 0.012741
0 0.344760 0.276970 0.014620 0.011590
0 0.166237 0.302173 0.018042 0.012808
0 0.106387 0.324284 0.021749 0.015950
0 0.082705 0.330084 0.022718 0.010149
0 0.077067 0.329299 0.019173 0.015588
0 0.159471 0.299999 0.086673 0.054373
0 0.105728 0.372742 0.036878 0.018777
0 0.039193 0.424818 0.021567 0.006471
0 0.051486 0.461617 0.010784 0.009544
0 0.095913 0.452318 0.017685 0.013911
0 0.158137 0.423362 0.023509 0.011000
0 0.076062 0.494065 0.017275 0.013586
0 0.048466 0.538385 0.011647 0.011647
0 0.177427 0.480964 0.019001 0.019412
0 0.122323 0.542268 0.009296 0.012294
0 0.118776 0.542753 0.009921 0.016176
0 0.356005 0.309990 0.019431 0.010352
0 0.256050 0.356493 0.017900 0.005337
0 0.294861 0.359567 0.012745 0.013748
0 0.249246 0.377603 0.013823 0.009382
0 0.380150 0.319556 0.017483 0.008269
0 0.392272 0.319674 0.015496 0.010221
0 0.406725 0.326148 0.012801 0.012093
0 0.426959 0.327005 0.018515 0.010687
0 0.431166 0.342061 0.019044 0.019425
0 0.453269 0.348186 0.016028 0.010920
0 0.383537 0.351306 0.015288 0.016694
0 0.504649 0.347444 0.017275 0.010062
0 0.544595 0.366127 0.008528 0.012636
0 0.507045 0.378881 0.026002 0.007411
0 0.534764 0.379349 0.032140 0.021763
0 0.453945 0.375526 0.026118 0.016458
0 0.444433 0.370846 0.015394 0.007411
0 0.473031 0.386720 0.017067 0.003589
0 0.458629 0.390114 0.024441 0.008036
0 0.433773 0.384340 0.005721 0.017083
0 0.435696 0.383015 0.014355 0.014120
0 0.429398 0.391205 0.013009 0.013963
0 0.405949 0.380402 0.017057 0.007019
0 0.412034 0.391985 0.019451 0.008658
0 0.455146 0.393429 0.036402 0.020751
0 0.474127 0.403492 0.018618 0.013105
0 0.496744 0.406885 0.018733 0.022232
0 0.400380 0.365928 0.031316 0.006796
0 0.374274 0.346035 0.030069 0.038777
0 0.354051 0.348731 0.013313 0.010295
0 0.361273 0.367764 0.019669 0.007800
0 0.334653 0.358872 0.018201 0.010610
0 0.341615 0.375877 0.015089 0.007800
0 0.350565 0.382938 0.029848 0.020985
0 0.313070 0.373810 0.018099 0.019425
0 0.315565 0.388203 0.016224 0.011545
0 0.321391 0.391400 0.013938 0.012636
0 0.340840 0.399748 0.017890 0.011233
0 0.349421 0.395340 0.017368 0.008502
0 0.333555 0.368622 0.046607 0.048832
0 0.380312 0.394247 0.012999 0.005851
0 0.375944 0.398227 0.010923 0.007098
0 0.372614 0.398694 0.009673 0.007721
0 0.377811 0.395496 0.025701 0.016305
0 0.307766 0.421003 0.019970 0.010687
0 0.397525 0.404116 0.014560 0.010454
0 0.406262 0.405325 0.019554 0.015992
0 0.387593 0.407392 0.021111 0.013415
0 0.382288 0.419717 0.011336 0.009673
0 0.457088 0.434979 0.017179 0.007691
0 0.449281 0.428657 0.009950 0.006119
0 0.440192 0.424461 0.005913 0.015092
0 0.438327 0.423994 0.016323 0.007517
0 0.420767 0.427928 0.019742 0.010489
0 0.407143 0.432881 0.015476 0.018529
0 0.414167 0.427142 0.012897 0.019869
0 0.386351 0.428802 0.035592 0.017247
0 0.381571 0.431715 0.011429 0.011654
0 0.389696 0.433842 0.013829 0.009499
0 0.386582 0.439989 0.013370 0.012587
0 0.395521 0.426212 0.013674 0.016833
0 0.408418 0.423965 0.034183 0.019928
0 0.393924 0.453158 0.010962 0.019814
0 0.435223 0.442233 0.013985 0.010429
0 0.446174 0.453219 0.008710 0.017837
0 0.459848 0.453013 0.019120 0.007168
0 0.414439 0.464578 0.013595 0.009673
0 0.432153 0.458989 0.013598 0.014561
0 0.441200 0.470118 0.016634 0.014224
0 0.450718 0.469387 0.024325 0.013110
0 0.457593 0.470319 0.032328 0.008450
0 0.524563 0.423966 0.016323 0.013636
0 0.509415 0.426412 0.015079 0.008857
0 0.498188 0.445438 0.019041 0.015439
0 0.533811 0.440660 0.016167 0.007867
0 0.266536 0.430719 0.017219 0.010481
0 0.516850 0.478883 0.015896 0.011461
0 0.518776 0.489356 0.024563 0.009125
0 0.523223 0.502444 0.012517 0.008584
0 0.565885 0.514989 0.020096 0.021039
0 0.574254 0.529024 0.012768 0.009918
0 0.515402 0.519723 0.012517 0.009025
0 0.466248 0.480962 0.010936 0.017232
0 0.469263 0.496753 0.013598 0.012004
0 0.459744 0.503207 0.016729 0.011915
0 0.433629 0.503522 0.009745 0.012907
0 0.418406 0.485427 0.015642 0.013720
0 0.402642 0.489803 0.021660 0.008936
0 0.405832 0.498424 0.018171 0.009025
0 0.451981 0.500905 0.035860 0.012728
0 0.438991 0.517422 0.017824 0.016699
0 0.430266 0.530011 0.016498 0.011009
0 0.431529 0.541344 0.012530 0.011632
0 0.443745 0.543145 0.021313 0.008934
0 0.472801 0.519903 0.019735 0.013899
0 0.494039 0.529516 0.019375 0.012907
0 0.509264 0.540937 0.014441 0.014449
0 0.484835 0.523379 0.017328 0.024100
0 0.418285 0.505327 0.019256 0.007490
0 0.415640 0.512326 0.018773 0.013006
0 0.400656 0.506329 0.015764 0.010923
0 0.397164 0.501451 0.024911 0.023026
0 0.405470 0.533266 0.016726 0.018061
0 0.372374 0.524417 0.022745 0.011190
0 0.381047 0.524643 0.016260 0.021751
0 0.386882 0.532088 0.011806 0.012817
0 0.390306 0.519092 0.018654 0.019315
0 0.385073 0.514308 0.020218 0.013358
0 0.403669 0.548064 0.022973 0.011193
0 0.380149 0.540122 0.017090 0.004876
0 0.386468 0.552081 0.018896 0.005144
0 0.311729 0.548379 0.014332 0.016699
0 0.333745 0.548018 0.027318 0.018502
0 0.331219 0.563047 0.019858 0.015885
0 0.316597 0.569950 0.011071 0.011463
0 0.369620 0.565267 0.015522 0.012547
0 0.368356 0.569324 0.015642 0.013638
0 0.361496 0.557144 0.032973 0.011282
0 0.385926 0.572984 0.012275 0.010288
0 0.276164 0.564229 0.024550 0.014623
0 0.285260 0.580474 0.011432 0.007401
0 0.303975 0.589230 0.011071 0.007220
0 0.297950 0.586703 0.022394 0.012274
0 0.275688 0.606287 0.017579 0.011012
0 0.287421 0.607101 0.019385 0.013358
0 0.231167 0.590169 0.016124 0.007852
0 0.225390 0.591752 0.012275 0.006868
0 0.329722 0.595673 0.012050 0.012364
0 0.344516 0.585384 0.016849 0.008214
0 0.315694 0.620676 0.011673 0.011282
0 0.390969 0.592741 0.011554 0.010288
0 0.487844 0.553578 0.009868 0.008123
0 0.506496 0.567884 0.016128 0.009658
0 0.579122 0.569103 0.011915 0.009928
0 0.492598 0.562644 0.015043 0.008745
0 0.485498 0.565402 0.013839 0.009206
0 0.475749 0.564454 0.020817 0.008393
0 0.462211 0.569554 0.017087 0.010471
0 0.587908 0.588454 0.019375 0.011282
0 0.566427 0.589673 0.020698 0.005595
0 0.534896 0.599555 0.014924 0.005325
0 0.526472 0.627092 0.022143 0.012006
0 0.498313 0.578346 0.013479 0.007852
0 0.489228 0.585574 0.010228 0.012547
0 0.491572 0.589271 0.013237 0.019415
0 0.495003 0.597028 0.010470 0.010920
0 0.444340 0.595273 0.013118 0.011002
0 0.440610 0.599293 0.016968 0.012907
0 0.600081 0.733053 0.009329 0.012426
0 0.585114 0.697443 0.009745 0.013472
0 0.582191 0.663139 0.011419 0.007517
0 0.558791 0.650868 0.020341 0.011592
0 0.511799 0.653008 0.010456 0.011488
0 0.480051 0.660215 0.016862 0.009397
0 0.457287 0.656038 0.014494 0.010861
0 0.399959 0.682331 0.023317 0.011602
0 0.322508 0.663388 0.017166 0.009226
0 0.191265 0.645542 0.011558 0.008564
0 0.191333 0.643036 0.010860 0.007937
0 0.170936 0.633429 0.021303 0.012741
0 0.116840 0.648310 0.013647 0.010756
0 0.184231 0.617660 0.011974 0.008772
0 0.124150 0.595991 0.016290 0.011381
0 0.091708 0.588263 0.010162 0.013053
0 0.090594 0.575940 0.014897 0.007832
0 0.120670 0.563408 0.025757 0.019529
0 0.147474 0.555995 0.014200 0.013889
0 0.136057 0.556830 0.017265 0.019737
0 0.150876 0.192158 0.019735 0.008755
