0 0.860289 0.594350 0.031941 0.027887
0 0.910698 0.554860 0.013975 0.010295
0 0.802397 0.566182 0.020959 0.009358
0 0.756733 0.615218 0.017467 0.013849
0 0.621481 0.602772 0.021462 0.009918
0 0.770580 0.557480 0.016220 0.006176
0 0.802148 0.518552 0.020962 0.011791
0 0.709444 0.512376 0.018717 0.013661
0 0.982315 0.440228 0.018466 0.013849
0 0.956488 0.388666 0.037679 0.016657
0 0.821736 0.422261 0.015721 0.007111
0 0.792789 0.445468 0.007735 0.019090
0 0.774825 0.484209 0.011230 0.017594
0 0.750742 0.468956 0.012477 0.020402
0 0.705078 0.453423 0.022960 0.020025
0 0.721921 0.431806 0.010728 0.008983
0 0.897905 0.329968 0.014494 0.015665
0 0.901743 0.333411 0.028545 0.011912
0 0.906748 0.332370 0.018813 0.014621
0 0.905711 0.342082 0.023948 0.011069
0 0.890116 0.347460 0.020053 0.011384
0 0.872016 0.269232 0.019216 0.004700
0 0.873477 0.273724 0.019633 0.008876
0 0.868108 0.268867 0.015053 0.013160
0 0.907452 0.272156 0.032444 0.004075
0 0.904805 0.269284 0.028267 0.019214
0 0.914901 0.250227 0.029795 0.007413
0 0.884679 0.250226 0.029253 0.008249
0 0.826276 0.305260 0.028823 0.023289
0 0.812692 0.317375 0.020622 0.005117
0 0.805104 0.245997 0.016028 0.026106
0 0.787143 0.242655 0.026607 0.025270
0 0.756301 0.241141 0.024521 0.014306
0 0.857806 0.172269 0.019229 0.010025
0 0.857394 0.188144 0.026177 0.017542
0 0.829478 0.166266 0.016012 0.016605
0 0.801073 0.154789 0.027431 0.019737
0 0.752131 0.170913 0.017821 0.011696
0 0.747465 0.128462 0.009884 0.017232
0 0.731245 0.121518 0.019494 0.004802
0 0.722604 0.122250 0.025076 0.011488
0 0.723022 0.129349 0.034544 0.010652
0 0.694757 0.111765 0.018952 0.011173
0 0.669213 0.111189 0.031607 0.021302
0 0.676941 0.070503 0.018102 0.015977
0 0.653084 0.057571 0.019507 0.007130
0 0.658891 0.054973 0.026260 0.012083
0 0.729044 0.080346 0.013869 0.012324
0 0.627227 0.059443 0.023859 0.012810
0 0.575038 0.045849 0.024487 0.010995
0 0.554818 0.050079 0.023036 0.010754
0 0.613935 0.085782 0.020152 0.016674
0 0.575198 0.098471 0.017401 0.020781
0 0.559401 0.128440 0.015483 0.020551
0 0.610392 0.118166 0.026921 0.012567
0 0.608948 0.143297 0.024325 0.012081
0 0.623287 0.161966 0.015304 0.020176
0 0.728318 0.183291 0.018866 0.013775
0 0.642619 0.200449 0.022070 0.018368
0 0.644425 0.181456 0.020139 0.012445
0 0.459573 0.059860 0.027077 0.013539
0 0.453738 0.072948 0.024547 0.011555
0 0.511262 0.081798 0.019256 0.007411
0 0.454702 0.052329 0.019015 0.008224
0 0.327462 0.162976 0.015995 0.012728
0 0.259350 0.167749 0.025453 0.014035
0 0.528590 0.158859 0.012503 0.010104
0 0.519233 0.171305 0.014749 0.015159
0 0.387561 0.189653 0.022464 0.011310
0 0.408882 0.202913 0.023922 0.013807
0 0.404254 0.217852 0.018409 0.018254
0 0.389745 0.218709 0.011858 0.018098
0 0.390526 0.234116 0.020906 0.009596
0 0.323596 0.224872 0.016849 0.015756
0 0.320632 0.250766 0.019868 0.018090
0 0.349182 0.255334 0.018515 0.008192
0 0.391462 0.254592 0.015079 0.013261
0 0.383246 0.254710 0.019243 0.013338
0 0.538628 0.243403 0.021104 0.007733
0 0.601465 0.244974 0.024021 0.007250
0 0.666311 0.225339 0.010327 0.016312
0 0.680334 0.239839 0.014180 0.012202
0 0.628700 0.263943 0.021429 0.007733
0 0.664466 0.280255 0.016273 0.015709
0 0.721971 0.253250 0.006944 0.015102
0 0.702808 0.278020 0.017884 0.027185
0 0.701357 0.278084 0.016273 0.010399
0 0.739378 0.285089 0.015628 0.016434
0 0.522211 0.310281 0.037860 0.012929
0 0.638689 0.300253 0.015308 0.012202
0 0.679089 0.297767 0.019256 0.013991
0 0.680714 0.310130 0.013360 0.015434
0 0.662361 0.309408 0.021422 0.012185
0 0.749248 0.304536 0.021663 0.009658
0 0.741300 0.309454 0.020470 0.014261
0 0.724512 0.323850 0.013370 0.012547
0 0.719886 0.327958 0.014924 0.009928
0 0.720607 0.327686 0.017569 0.015883
0 0.745577 0.335809 0.032371 0.023105
0 0.759411 0.346956 0.016739 0.008033
0 0.675458 0.330293 0.014223 0.018904
0 0.694421 0.353209 0.022209 0.016825
0 0.656741 0.360415 0.018218 0.020007
0 0.617688 0.349654 0.023955 0.015330
0 0.628737 0.422346 0.018657 0.005744
0 0.626524 0.425427 0.023671 0.012113
0 0.647396 0.473203 0.019216 0.008251
0 0.616485 0.496752 0.012811 0.016709
0 0.594484 0.535234 0.015873 0.014725
0 0.599358 0.493566 0.018380 0.010129
0 0.550661 0.706212 0.006250 0.011466
0 0.546038 0.687021 0.010298 0.015367
0 0.530640 0.674932 0.018211 0.007254
0 0.553056 0.648096 0.012698 0.012716
0 0.504800 0.641622 0.014977 0.008661
0 0.530334 0.631364 0.016124 0.012326
0 0.561640 0.632729 0.015079 0.011466
0 0.568505 0.615061 0.008214 0.018410
0 0.508656 0.570511 0.018138 0.019732
0 0.409135 0.679363 0.009706 0.015868
0 0.418881 0.644773 0.018786 0.009169
0 0.410521 0.644872 0.026696 0.010315
0 0.402523 0.598898 0.027679 0.016069
0 0.374446 0.573038 0.009567 0.017708
0 0.368621 0.573389 0.027460 0.010141
0 0.386043 0.563638 0.019659 0.011701
0 0.310569 0.586503 0.024669 0.012455
0 0.405818 0.538894 0.012517 0.013269
0 0.422788 0.524859 0.013479 0.015164
0 0.495473 0.503785 0.031290 0.028611
0 0.475556 0.485011 0.017930 0.010920
0 0.456422 0.497061 0.014319 0.016066
0 0.468034 0.505319 0.027920 0.008936
0 0.415627 0.487222 0.026597 0.015704
0 0.442341 0.487312 0.014802 0.011553
0 0.387285 0.491690 0.022864 0.007493
0 0.376334 0.508026 0.028641 0.019945
0 0.561248 0.432194 0.026174 0.007101
0 0.557140 0.396688 0.021303 0.017542
0 0.550040 0.404886 0.024365 0.026002
0 0.524350 0.409637 0.020605 0.007309
0 0.509869 0.401440 0.017265 0.020156
0 0.489540 0.397052 0.009749 0.016813
0 0.521913 0.433498 0.012669 0.017021
0 0.511472 0.443733 0.016290 0.016186
0 0.520590 0.447963 0.016987 0.016292
0 0.504301 0.456839 0.020050 0.009397
0 0.499565 0.440652 0.011974 0.011071
0 0.440460 0.445561 0.021303 0.031746
0 0.469491 0.372930 0.016151 0.019318
0 0.423542 0.367865 0.007242 0.019425
0 0.410870 0.422795 0.028962 0.025064
0 0.411149 0.420185 0.023112 0.016500
0 0.394301 0.410942 0.030354 0.020362
0 0.365131 0.406192 0.028542 0.012532
0 0.386572 0.442794 0.011558 0.012845
0 0.379403 0.462530 0.023112 0.020154
0 0.369378 0.472242 0.010026 0.015561
0 0.342282 0.518672 0.008492 0.011069
0 0.318542 0.531203 0.020886 0.006682
0 0.271576 0.549358 0.008733 0.020025
0 0.257603 0.550200 0.033690 0.014973
0 0.247121 0.520629 0.025202 0.012726
0 0.225162 0.490310 0.019716 0.016096
0 0.151882 0.521936 0.026528 0.013589
0 0.152313 0.473087 0.014018 0.012939
0 0.156949 0.459823 0.026743 0.013911
0 0.153067 0.439523 0.038819 0.007602
0 0.074669 0.435964 0.014451 0.022160
0 0.272333 0.445588 0.030195 0.007440
0 0.326898 0.410164 0.025880 0.020704
0 0.310617 0.424640 0.017470 0.026042
0 0.335094 0.377894 0.019408 0.009544
0 0.395483 0.340043 0.030192 0.023455
0 0.446597 0.333411 0.014663 0.012130
0 0.471184 0.323301 0.012077 0.017470
0 0.454038 0.291032 0.025231 0.010838
0 0.468487 0.312626 0.021782 0.021999
0 0.429236 0.286097 0.026958 0.012617
0 0.420716 0.294185 0.020704 0.008410
0 0.393973 0.303244 0.021564 0.010675
0 0.318752 0.361823 0.019011 0.013700
0 0.306729 0.382096 0.039702 0.021250
0 0.300764 0.378531 0.026283 0.015518
0 0.295359 0.377971 0.006895 0.021111
0 0.245868 0.385589 0.018641 0.009506
0 0.175317 0.409005 0.017335 0.012163
0 0.181840 0.402366 0.037841 0.015660
0 0.136078 0.386848 0.034669 0.015937
0 0.160592 0.305666 0.024418 0.006292
0 0.254630 0.299585 0.027216 0.017334
0 0.111847 0.314125 0.020129 0.016776
0 0.173358 0.268409 0.022741 0.017334
0 0.113805 0.264284 0.020691 0.018033
0 0.116601 0.248278 0.018452 0.022369
0 0.215858 0.229964 0.016405 0.018733
