0 0.289979 0.142815 0.016849 0.004603
0 0.314587 0.147011 0.019616 0.016786
0 0.314588 0.166146 0.020817 0.013537
0 0.335888 0.163528 0.008542 0.013539
0 0.353940 0.146064 0.013356 0.014350
0 0.365012 0.158564 0.011432 0.007941
0 0.380055 0.157481 0.027318 0.018772
0 0.397804 0.160099 0.013479 0.009747
0 0.408094 0.173141 0.026114 0.008936
0 0.399127 0.182030 0.034656 0.012274
0 0.382941 0.181535 0.016247 0.012366
0 0.357130 0.186634 0.023347 0.014439
0 0.366154 0.193042 0.012513 0.012636
0 0.316873 0.189386 0.016247 0.011823
0 0.284021 0.156398 0.012156 0.007582
0 0.254778 0.176615 0.014563 0.008304
0 0.253214 0.177924 0.012877 0.021751
0 0.261156 0.164160 0.010228 0.018232
0 0.273132 0.177654 0.019735 0.017237
0 0.297474 0.148316 0.030847 0.013462
0 0.273350 0.154115 0.018955 0.020278
0 0.274825 0.165069 0.023929 0.018413
0 0.271174 0.158483 0.020979 0.010955
0 0.232483 0.197555 0.012123 0.017073
0 0.224170 0.208100 0.013519 0.006468
0 0.187849 0.203730 0.009712 0.011944
0 0.302722 0.217688 0.021250 0.012163
0 0.348018 0.222442 0.016776 0.012443
0 0.383714 0.225936 0.023671 0.013281
0 0.374301 0.243971 0.008575 0.011324
0 0.390984 0.260678 0.021809 0.015657
0 0.386229 0.271302 0.018641 0.023765
0 0.358633 0.268367 0.011948 0.015657
0 0.332816 0.277873 0.009897 0.018455
0 0.291725 0.232515 0.026095 0.017490
0 0.269357 0.242504 0.020876 0.015379
0 0.269448 0.250960 0.015099 0.010481
0 0.252860 0.245159 0.015099 0.011463
0 0.279039 0.259979 0.014183 0.017056
0 0.284818 0.262844 0.027606 0.007969
0 0.291071 0.278223 0.017335 0.016917
0 0.300764 0.290035 0.020688 0.019851
0 0.247454 0.255155 0.013234 0.012721
0 0.255375 0.263194 0.024977 0.009226
0 0.251731 0.270673 0.009897 0.011882
0 0.188831 0.234395 0.014540 0.023209
0 0.173069 0.235652 0.007288 0.012862
0 0.176333 0.241314 0.021270 0.013839
0 0.145203 0.243553 0.022384 0.007969
0 0.146144 0.269359 0.007083 0.016496
0 0.234861 0.282011 0.013439 0.011885
0 0.220146 0.288302 0.021250 0.008529
0 0.262450 0.308853 0.031336 0.019993
0 0.241386 0.307875 0.011574 0.009648
0 0.201599 0.315549 0.014355 0.007408
0 0.203267 0.318415 0.022202 0.008666
0 0.172988 0.304855 0.015658 0.005871
0 0.151829 0.305344 0.019200 0.007130
0 0.096645 0.313397 0.028165 0.012860
0 0.103831 0.326259 0.013423 0.008946
0 0.076048 0.359880 0.013069 0.011882
0 0.110635 0.352750 0.021065 0.015238
0 0.174570 0.322134 0.033366 0.039844
0 0.223315 0.349046 0.021994 0.019571
0 0.217442 0.362397 0.016591 0.014680
0 0.274008 0.353798 0.019405 0.010905
0 0.279506 0.354009 0.025182 0.015518
0 0.332731 0.336674 0.013049 0.015799
0 0.193854 0.400913 0.017166 0.012862
0 0.166546 0.410698 0.020711 0.013981
0 0.216417 0.396438 0.014911 0.014539
0 0.223492 0.396927 0.019775 0.013562
0 0.304400 0.400492 0.027960 0.012021
0 0.336647 0.391126 0.027216 0.019291
0 0.290317 0.460468 0.033386 0.016778
0 0.291911 0.478012 0.016402 0.016917
0 0.228897 0.459697 0.014931 0.012163
0 0.226754 0.503736 0.022199 0.014958
0 0.109517 0.458230 0.008386 0.012582
0 0.107085 0.456553 0.011763 0.013423
0 0.118743 0.476755 0.033181 0.007408
0 0.149499 0.555042 0.026095 0.009926
0 0.192278 0.553785 0.010999 0.010764
0 0.240828 0.533094 0.010830 0.018872
0 0.216045 0.577271 0.014537 0.007969
0 0.267864 0.560564 0.021250 0.020970
0 0.304577 0.581954 0.011574 0.009787
0 0.175503 0.626830 0.024418 0.013700
0 0.196194 0.645355 0.026653 0.018313
0 0.268609 0.640252 0.041009 0.016778
0 0.307475 0.626342 0.017708 0.009648
0 0.317634 0.605441 0.029077 0.020689
0 0.361242 0.615017 0.019031 0.018874
0 0.391450 0.637945 0.017894 0.015796
0 0.376434 0.551688 0.008780 0.019432
0 0.359853 0.544417 0.040076 0.022788
0 0.407470 0.509048 0.020522 0.008249
0 0.370106 0.478502 0.030384 0.019013
0 0.413900 0.464102 0.016233 0.003636
0 0.462189 0.483814 0.009134 0.015099
0 0.380650 0.423079 0.009058 0.008113
0 0.374046 0.426550 0.013740 0.014430
0 0.364788 0.438833 0.022685 0.009978
0 0.353613 0.437739 0.014044 0.009993
0 0.362136 0.437315 0.032566 0.015370
0 0.364684 0.449242 0.010413 0.011153
0 0.396746 0.406137 0.017209 0.010831
0 0.441632 0.396895 0.021300 0.012907
0 0.400289 0.386514 0.028654 0.014531
0 0.358049 0.374737 0.014213 0.015704
0 0.361786 0.376270 0.020701 0.018953
0 0.400048 0.356189 0.010843 0.008574
0 0.396986 0.354519 0.008304 0.015342
0 0.394512 0.338770 0.010843 0.010739
0 0.380618 0.342335 0.015284 0.014442
0 0.378092 0.318182 0.014802 0.017059
0 0.394398 0.325990 0.026237 0.019856
0 0.419911 0.308841 0.008426 0.010831
0 0.472847 0.328344 0.012877 0.009025
0 0.493127 0.341026 0.013237 0.017602
0 0.461295 0.344275 0.020579 0.019586
0 0.490238 0.371081 0.019253 0.017059
0 0.504317 0.385794 0.015162 0.016696
0 0.500646 0.367651 0.018171 0.024821
0 0.564302 0.333399 0.007110 0.014442
0 0.538014 0.360206 0.012755 0.003790
0 0.536323 0.366071 0.010364 0.011553
0 0.531086 0.365711 0.010241 0.012096
0 0.542345 0.363679 0.024550 0.015434
0 0.524836 0.369681 0.019858 0.015523
0 0.534879 0.282169 0.020804 0.007021
0 0.541384 0.307760 0.011538 0.009529
0 0.463633 0.270553 0.016015 0.013730
0 0.594737 0.302925 0.014249 0.011699
0 0.605813 0.290327 0.011858 0.014430
0 0.585688 0.257643 0.027354 0.013341
0 0.548816 0.261075 0.023089 0.014432
0 0.504301 0.285804 0.018932 0.018333
0 0.504821 0.285725 0.023089 0.021297
0 0.415207 0.227470 0.015288 0.015600
0 0.488323 0.225365 0.016329 0.009673
0 0.422260 0.154799 0.020050 0.013576
0 0.446711 0.103791 0.011055 0.006471
0 0.453857 0.104230 0.017979 0.008698
0 0.462174 0.111646 0.011776 0.013415
0 0.514491 0.106083 0.018069 0.013619
0 0.525997 0.125635 0.012854 0.016047
0 0.463476 0.126343 0.012943 0.011798
0 0.499433 0.154458 0.022292 0.015439
0 0.520326 0.184705 0.008218 0.011359
0 0.550694 0.192318 0.012890 0.015707
0 0.582029 0.182046 0.007252 0.015466
0 0.583874 0.184463 0.016128 0.013534
0 0.585243 0.143261 0.020155 0.008943
0 0.601523 0.132810 0.021425 0.013894
0 0.628990 0.158305 0.010956 0.017760
0 0.619567 0.183684 0.017560 0.013425
0 0.642766 0.193586 0.015949 0.014137
0 0.638656 0.230559 0.018687 0.013896
0 0.655250 0.156613 0.012887 0.023078
0 0.686101 0.158728 0.022394 0.011116
0 0.671844 0.152143 0.019011 0.008819
0 0.750938 0.170086 0.015162 0.014015
0 0.703573 0.181927 0.020962 0.006042
0 0.690926 0.186095 0.014676 0.010995
0 0.691169 0.184101 0.027728 0.018123
0 0.811763 0.202769 0.009504 0.015102
0 0.740797 0.204823 0.009345 0.023802
0 0.753925 0.221860 0.015628 0.007128
0 0.779783 0.237024 0.015142 0.012808
0 0.777851 0.257987 0.015146 0.015588
0 0.679096 0.261854 0.014825 0.007369
0 0.638737 0.273937 0.025615 0.008579
0 0.625599 0.282999 0.010648 0.013894
0 0.626896 0.291637 0.022556 0.011116
0 0.648887 0.293812 0.020460 0.010149
0 0.742521 0.291621 0.007338 0.013177
0 0.714843 0.296811 0.009990 0.011101
0 0.727779 0.326188 0.008185 0.010109
0 0.772125 0.309085 0.012636 0.007312
0 0.796796 0.314721 0.023948 0.019144
0 0.825136 0.298651 0.015886 0.007222
0 0.793666 0.316350 0.045129 0.046753
0 0.850947 0.319188 0.010711 0.016887
0 0.871167 0.318331 0.006138 0.013006
0 0.861658 0.330241 0.017450 0.012817
0 0.879349 0.351364 0.019854 0.016597
0 0.839878 0.354659 0.026356 0.021401
0 0.813221 0.354970 0.019735 0.011374
0 0.822970 0.384399 0.017573 0.007934
0 0.919063 0.381695 0.011915 0.009750
0 0.891744 0.396582 0.019375 0.012465
0 0.898965 0.420415 0.013115 0.009928
0 0.860997 0.423844 0.012517 0.010109
0 0.863765 0.422401 0.011551 0.017148
0 0.866893 0.416443 0.019977 0.014623
0 0.820683 0.424468 0.009871 0.013177
0 0.779947 0.428710 0.027315 0.020759
0 0.761776 0.423069 0.020337 0.011823
0 0.739874 0.413817 0.026356 0.019315
0 0.709909 0.412870 0.018171 0.013085
0 0.693122 0.402269 0.021660 0.009921
0 0.691076 0.386921 0.017569 0.010831
0 0.667789 0.403988 0.019613 0.012996
0 0.637088 0.440042 0.015473 0.008388
0 0.641563 0.454162 0.025162 0.015099
0 0.640929 0.535596 0.014537 0.009085
0 0.814871 0.452809 0.020298 0.010632
0 0.728922 0.456797 0.028194 0.009908
0 0.728672 0.462837 0.018059 0.028031
0 0.758163 0.480176 0.010956 0.009062
0 0.869471 0.504463 0.010311 0.007612
0 0.802781 0.506276 0.014193 0.010270
0 0.729962 0.497214 0.012259 0.007855
0 0.675106 0.510564 0.015642 0.008941
0 0.697910 0.514371 0.012242 0.008336
0 0.780387 0.534912 0.012903 0.010995
0 0.786429 0.550015 0.019835 0.016796
0 0.494281 0.625052 0.021419 0.015164
0 0.487302 0.632272 0.034901 0.038269
0 0.439767 0.649467 0.028403 0.025724
0 0.511670 0.659304 0.027560 0.013266
0 0.482368 0.720092 0.019497 0.011731
