0 0.665924 0.547194 0.012874 0.012096
0 0.685103 0.577648 0.010635 0.009665
0 0.674864 0.603142 0.015642 0.005074
0 0.696138 0.650924 0.009504 0.011491
0 0.740352 0.685716 0.022860 0.005920
0 0.871121 0.528827 0.022956 0.011042
0 0.812979 0.501128 0.075860 0.032004
0 0.752965 0.546700 0.058641 0.064005
0 0.805990 0.550068 0.010479 0.007860
0 0.727761 0.529201 0.020212 0.009172
0 0.850233 0.406254 0.007411 0.009546
0 0.776529 0.419485 0.011438 0.008941
0 0.717323 0.401120 0.012245 0.008941
0 0.710235 0.402387 0.036085 0.034194
0 0.720618 0.428607 0.015642 0.015588
0 0.859803 0.314607 0.014659 0.010875
0 0.714826 0.315089 0.052034 0.037455
0 0.733193 0.249299 0.021425 0.015102
0 0.685263 0.260537 0.013211 0.012205
0 0.635805 0.309284 0.009342 0.010136
0 0.658593 0.302277 0.021763 0.010139
0 0.636610 0.310976 0.022553 0.016902
0 0.670362 0.350184 0.012404 0.008566
0 0.689438 0.477965 0.014821 0.010875
0 0.656731 0.499353 0.014177 0.017158
0 0.708140 0.701363 0.016432 0.010632
0 0.667462 0.670432 0.016915 0.009425
0 0.662209 0.630026 0.017077 0.021386
0 0.656346 0.639330 0.023360 0.012202
0 0.595127 0.601693 0.011438 0.010875
0 0.608981 0.611177 0.012725 0.007612
0 0.612847 0.627187 0.011118 0.013532
0 0.557589 0.629363 0.016918 0.011359
0 0.577566 0.637700 0.019491 0.012324
0 0.536961 0.642050 0.014676 0.011600
0 0.581481 0.711634 0.021660 0.018413
0 0.457879 0.676751 0.010949 0.011642
0 0.413352 0.688710 0.033092 0.019315
0 0.358537 0.699360 0.015645 0.016245
0 0.336875 0.673141 0.014200 0.007493
0 0.312325 0.642093 0.012275 0.011101
0 0.351437 0.639339 0.010592 0.006317
0 0.227862 0.650046 0.020056 0.007602
0 0.318768 0.566095 0.012940 0.009219
0 0.345511 0.577336 0.018118 0.008413
0 0.439653 0.602004 0.016177 0.011483
0 0.487855 0.615753 0.010784 0.013425
0 0.855091 0.592603 0.016849 0.009829
0 0.859350 0.601417 0.009785 0.010454
0 0.833972 0.608126 0.016237 0.012636
0 0.886002 0.448869 0.022255 0.014821
0 0.661000 0.416644 0.022556 0.005640
0 0.645195 0.427610 0.022136 0.016917
0 0.651663 0.435703 0.016442 0.011173
0 0.626189 0.389649 0.016710 0.014516
0 0.569311 0.397951 0.008495 0.008353
0 0.579049 0.406200 0.019091 0.011696
0 0.549949 0.458207 0.014633 0.014618
0 0.505394 0.477422 0.026607 0.014829
0 0.495584 0.461758 0.012530 0.011696
0 0.456457 0.474654 0.015036 0.008460
0 0.459932 0.475072 0.022014 0.010546
0 0.410809 0.533357 0.008528 0.009829
0 0.376536 0.503052 0.010506 0.011466
0 0.352874 0.536555 0.023505 0.009048
0 0.311468 0.550386 0.011138 0.010861
0 0.285499 0.544017 0.021303 0.009189
0 0.257305 0.550542 0.013922 0.010965
0 0.261900 0.536497 0.022834 0.015037
0 0.265240 0.524750 0.009190 0.011384
0 0.268375 0.517491 0.012113 0.008356
0 0.137232 0.564918 0.014874 0.010377
0 0.092874 0.558756 0.018724 0.018331
0 0.078677 0.544988 0.015913 0.015600
0 0.079196 0.539878 0.024649 0.023636
0 0.161103 0.528802 0.033700 0.038770
0 0.226635 0.459576 0.012728 0.010392
0 0.245726 0.467188 0.009666 0.009182
0 0.260460 0.480298 0.011455 0.012927
0 0.361749 0.478415 0.016369 0.012634
0 0.358862 0.475164 0.025271 0.009206
0 0.393039 0.469885 0.017328 0.013991
0 0.357837 0.448900 0.008545 0.011734
0 0.368904 0.444478 0.031181 0.021843
0 0.352664 0.443574 0.015764 0.014261
0 0.343150 0.437438 0.013370 0.010650
0 0.333530 0.419701 0.017450 0.004422
0 0.313485 0.449802 0.013009 0.013358
0 0.267583 0.413791 0.019854 0.011014
0 0.285995 0.402643 0.015522 0.007130
0 0.347851 0.407743 0.011190 0.007222
0 0.410547 0.407338 0.012153 0.008574
0 0.359638 0.386849 0.018667 0.010558
0 0.136111 0.399665 0.015403 0.012183
0 0.065463 0.408736 0.011323 0.007220
0 0.024433 0.432654 0.010109 0.014802
0 0.068176 0.462754 0.012636 0.008033
0 0.067546 0.277215 0.022394 0.028070
0 0.041852 0.311868 0.014332 0.014360
0 0.134635 0.321484 0.021313 0.022383
0 0.150346 0.281683 0.010109 0.008123
0 0.093057 0.242648 0.013251 0.007671
0 0.172067 0.209252 0.026356 0.012904
0 0.216293 0.239578 0.021177 0.005868
0 0.262925 0.258668 0.026597 0.019315
0 0.253232 0.296801 0.011062 0.009658
0 0.264724 0.290663 0.017464 0.012726
0 0.337229 0.321621 0.020470 0.007309
0 0.341503 0.335475 0.024441 0.028881
0 0.298366 0.355422 0.017811 0.011553
0 0.318576 0.376902 0.013972 0.021662
0 0.415642 0.375625 0.010952 0.013051
0 0.383500 0.322400 0.024005 0.017279
0 0.444157 0.322824 0.036085 0.023683
0 0.514102 0.368721 0.014897 0.015037
0 0.509438 0.335722 0.015317 0.006057
0 0.538261 0.353110 0.021442 0.014097
0 0.608228 0.341049 0.014061 0.009816
0 0.574879 0.321572 0.012530 0.007207
0 0.526913 0.286171 0.011558 0.007832
0 0.530461 0.291915 0.017265 0.010337
0 0.462515 0.301939 0.016710 0.014306
0 0.450678 0.284082 0.015595 0.011592
0 0.618252 0.293115 0.009051 0.011280
0 0.619367 0.275154 0.012113 0.011488
0 0.585461 0.266069 0.013925 0.013576
0 0.572025 0.272804 0.012391 0.008876
0 0.544525 0.262467 0.014759 0.010965
0 0.740005 0.150040 0.011438 0.009127
0 0.673953 0.179371 0.010618 0.010221
0 0.674064 0.184324 0.020179 0.010920
0 0.712650 0.221572 0.016015 0.008814
0 0.618366 0.230270 0.009464 0.010610
0 0.544739 0.154949 0.009888 0.015846
0 0.560202 0.214346 0.015463 0.008832
0 0.472462 0.183282 0.022232 0.013296
0 0.459172 0.227019 0.020460 0.012083
0 0.476240 0.249552 0.018545 0.017036
0 0.413740 0.217050 0.014015 0.016312
0 0.400038 0.300120 0.016286 0.013291
0 0.392386 0.300603 0.010651 0.008457
0 0.369160 0.298890 0.023823 0.010449
0 0.374509 0.294608 0.020136 0.010923
0 0.268647 0.207672 0.013313 0.008891
0 0.348423 0.197648 0.009570 0.008971
0 0.325645 0.174324 0.013519 0.009596
0 0.334382 0.161610 0.018929 0.005694
0 0.217376 0.145221 0.010876 0.007619
0 0.259448 0.132646 0.016091 0.012272
0 0.271316 0.112016 0.018975 0.004182
0 0.300304 0.119635 0.010787 0.009439
0 0.295856 0.123008 0.004054 0.011870
0 0.431718 0.186197 0.010413 0.015677
0 0.418566 0.156710 0.017993 0.008192
0 0.426777 0.144386 0.009891 0.011778
0 0.397447 0.141383 0.006561 0.018098
0 0.404919 0.108813 0.014382 0.007279
0 0.479302 0.093003 0.016548 0.003978
0 0.601830 0.100491 0.020281 0.015213
0 0.804446 0.177321 0.011432 0.006835
