0 0.632065 0.465804 0.017371 0.017138
0 0.653285 0.476166 0.018072 0.010055
0 0.597900 0.493129 0.014583 0.013901
0 0.603910 0.504277 0.023085 0.013465
0 0.626172 0.497894 0.019600 0.007346
0 0.640577 0.501305 0.015737 0.019063
0 0.642793 0.506988 0.031128 0.016089
0 0.643194 0.506725 0.012136 0.014690
0 0.553894 0.385009 0.016789 0.015216
0 0.570450 0.394408 0.010959 0.009705
0 0.590094 0.403765 0.013641 0.013904
0 0.588514 0.396333 0.007940 0.016877
0 0.594058 0.407656 0.010377 0.011369
0 0.576630 0.369794 0.010026 0.012416
0 0.593767 0.335081 0.014458 0.008743
0 0.588755 0.312434 0.016088 0.016089
0 0.583857 0.310598 0.008628 0.011017
0 0.633166 0.391086 0.029858 0.045030
0 0.639760 0.373118 0.015274 0.006994
0 0.613295 0.386146 0.019005 0.006647
0 0.612649 0.394408 0.011435 0.012502
0 0.615562 0.391829 0.012837 0.013465
0 0.633810 0.408006 0.016448 0.014866
0 0.627922 0.410149 0.016333 0.003586
0 0.635096 0.408662 0.005946 0.008132
0 0.640051 0.389469 0.014924 0.013115
0 0.638479 0.376571 0.017136 0.010404
0 0.615569 0.365641 0.012361 0.007081
0 0.623958 0.358909 0.017731 0.013904
0 0.622156 0.427155 0.016204 0.006820
0 0.646232 0.422434 0.018886 0.020112
0 0.656549 0.415526 0.012708 0.010491
0 0.658823 0.435286 0.019352 0.013291
0 0.678527 0.437517 0.020288 0.022822
0 0.660332 0.377184 0.019130 0.018450
0 0.656316 0.376659 0.013876 0.011806
0 0.662839 0.365291 0.014587 0.012855
0 0.669544 0.384747 0.009570 0.009444
0 0.661265 0.348240 0.015400 0.012155
0 0.678176 0.349028 0.018886 0.013904
0 0.615628 0.313002 0.012242 0.014601
0 0.619008 0.325551 0.008975 0.010144
0 0.628859 0.328828 0.010258 0.008306
0 0.639754 0.325812 0.014818 0.020285
0 0.633350 0.313745 0.016905 0.007693
0 0.648504 0.304477 0.030195 0.023433
0 0.672515 0.332808 0.021346 0.010491
0 0.671473 0.318118 0.024368 0.024484
0 0.656374 0.305789 0.009329 0.010317
0 0.667502 0.305308 0.013886 0.007083
0 0.704461 0.305614 0.040470 0.029030
0 0.691695 0.303997 0.012603 0.008832
0 0.702194 0.304127 0.031478 0.009792
0 0.713910 0.305526 0.020870 0.014866
0 0.730402 0.299929 0.016101 0.006471
0 0.700073 0.501799 0.025463 0.014625
0 0.697093 0.506135 0.022030 0.005146
0 0.713798 0.542702 0.016796 0.014085
0 0.298280 0.678175 0.023148 0.012103
0 0.483085 0.742510 0.017295 0.011607
0 0.480159 0.741592 0.029762 0.016667
0 0.517675 0.739596 0.025430 0.008805
0 0.532358 0.738356 0.010946 0.015451
0 0.615314 0.576141 0.014484 0.017907
0 0.608102 0.582651 0.025198 0.019469
0 0.608730 0.573003 0.017328 0.012723
0 0.625612 0.549988 0.023247 0.015451
0 0.429286 0.273140 0.016501 0.017510
0 0.466402 0.264856 0.012566 0.020734
0 0.610003 0.629973 0.018287 0.012674
0 0.511425 0.623416 0.011607 0.012096
0 0.676506 0.504102 0.035036 0.028170
0 0.677770 0.512499 0.020585 0.010836
0 0.732680 0.297132 0.017371 0.007870
0 0.391875 0.183647 0.011495 0.006267
0 0.518601 0.338591 0.019015 0.014484
0 0.515245 0.352716 0.016865 0.010193
0 0.447536 0.342721 0.010813 0.012822
0 0.753181 0.591907 0.011852 0.004702
0 0.248578 0.357453 0.017063 0.007316
0 0.560202 0.319085 0.012401 0.014459
0 0.479431 0.566753 0.015079 0.009251
0 0.545618 0.328869 0.014649 0.009921
0 0.683105 0.393843 0.019226 0.011535
0 0.681182 0.385432 0.010255 0.011057
0 0.758409 0.389757 0.009616 0.012019
0 0.761935 0.390237 0.024352 0.012016
0 0.771868 0.382788 0.012176 0.008651
0 0.780200 0.382066 0.010896 0.008170
0 0.770589 0.382307 0.017302 0.011538
0 0.753604 0.385188 0.047421 0.014425
0 0.754530 0.396741 0.015675 0.011240
0 0.755220 0.336747 0.019534 0.018321
0 0.756440 0.335830 0.026862 0.012820
0 0.707596 0.354327 0.017083 0.018316
0 0.801617 0.376305 0.024418 0.021979
0 0.812606 0.353411 0.021978 0.020146
0 0.372376 0.545406 0.011075 0.012458
0 0.382897 0.549142 0.012183 0.018274
0 0.238373 0.565340 0.019934 0.009137
0 0.248892 0.561602 0.018829 0.009965
0 0.248887 0.569494 0.021055 0.009137
0 0.263839 0.581538 0.033234 0.014950
0 0.346538 0.485321 0.043194 0.034030
0 0.355594 0.474905 0.018462 0.018028
0 0.353242 0.468046 0.029785 0.022862
0 0.345623 0.445511 0.035618 0.016721
0 0.342530 0.429444 0.009405 0.010060
0 0.351458 0.421052 0.009841 0.019137
0 0.337219 0.424252 0.025780 0.020444
0 0.278788 0.573650 0.018813 0.017438
0 0.184109 0.587773 0.019944 0.009127
0 0.152546 0.588591 0.018849 0.009127
0 0.361700 0.545305 0.008307 0.011766
0 0.346012 0.548766 0.013843 0.015920
0 0.311400 0.537340 0.012913 0.009700
0 0.217262 0.523152 0.022156 0.013170
0 0.214038 0.523508 0.013856 0.012443
0 0.197880 0.508966 0.033208 0.022148
0 0.203424 0.508620 0.014765 0.015920
0 0.301716 0.515195 0.019372 0.008306
0 0.228798 0.508620 0.013833 0.009000
0 0.246797 0.506197 0.018462 0.008306
0 0.209886 0.559494 0.027688 0.013844
0 0.220569 0.291667 0.026455 0.024802
0 0.559524 0.678571 0.016534 0.014881
0 0.567791 0.657490 0.026455 0.022321
0 0.572751 0.595486 0.016534 0.017361
0 0.397487 0.622768 0.023148 0.017361
0 0.239881 0.531111 0.017526 0.019375
0 0.194203 0.542189 0.018472 0.015231
0 0.175281 0.510696 0.017560 0.015920
0 0.255291 0.639881 0.016534 0.019841
0 0.258598 0.628720 0.016534 0.012401
0 0.245370 0.662202 0.023148 0.019841
0 0.253638 0.673363 0.033069 0.012401
0 0.258598 0.683284 0.023148 0.012401
0 0.230489 0.644841 0.026455 0.024802
0 0.217262 0.667163 0.026455 0.014881
0 0.276786 0.670883 0.026455 0.012401
0 0.319775 0.665923 0.013228 0.017361
0 0.329696 0.656002 0.019841 0.012401
0 0.466931 0.582837 0.036376 0.014881
0 0.473545 0.580357 0.016534 0.014881
0 0.415675 0.567956 0.019841 0.024802
0 0.304894 0.447669 0.016534 0.017361
0 0.442130 0.569196 0.026455 0.012401
0 0.299934 0.641121 0.033069 0.017361
0 0.142857 0.608879 0.029762 0.022321
0 0.205688 0.612599 0.036376 0.019841
0 0.166005 0.558036 0.023148 0.014881
0 0.137897 0.564236 0.033069 0.012401
0 0.119709 0.555556 0.023148 0.014881
0 0.104828 0.525794 0.026455 0.019841
0 0.108135 0.529514 0.019841 0.022321
0 0.137897 0.523313 0.026455 0.029762
0 0.142857 0.497272 0.029762 0.022321
0 0.111442 0.421627 0.019841 0.019841
0 0.113095 0.421627 0.023148 0.019841
0 0.126323 0.410466 0.016534 0.017361
0 0.094907 0.462550 0.033069 0.022321
0 0.131283 0.453869 0.019841 0.014881
0 0.321429 0.575397 0.016534 0.019841
0 0.099868 0.505952 0.016534 0.024802
0 0.318122 0.627480 0.023148 0.014881
0 0.175926 0.486111 0.016534 0.014881
0 0.167659 0.474950 0.026455 0.012401
0 0.175926 0.462550 0.023148 0.012401
0 0.210648 0.465030 0.026455 0.012401
0 0.180886 0.442708 0.033069 0.017361
0 0.204034 0.435268 0.026455 0.017361
0 0.233796 0.483631 0.033069 0.014881
0 0.222222 0.437748 0.023148 0.012401
0 0.253638 0.422867 0.019841 0.012401
0 0.359458 0.658482 0.019841 0.012401
0 0.547950 0.726687 0.019841 0.014881
0 0.700066 0.684524 0.026455 0.014881
0 0.485119 0.724206 0.019841 0.024802
0 0.630622 0.527282 0.033069 0.019841
0 0.280093 0.341270 0.026455 0.014881
0 0.375992 0.311508 0.033069 0.014881
0 0.455357 0.181300 0.019841 0.012401
0 0.638889 0.263145 0.016534 0.017361
0 0.762897 0.434276 0.039683 0.017361
0 0.551257 0.294147 0.019841 0.014881
0 0.230489 0.275546 0.019841 0.012401
0 0.291667 0.234623 0.023148 0.014881
0 0.371032 0.207341 0.023148 0.014881
0 0.330817 0.494333 0.024821 0.007257
0 0.338699 0.476310 0.011147 0.014043
0 0.348628 0.493977 0.016548 0.015022
0 0.346450 0.501848 0.016200 0.017961
0 0.356465 0.511546 0.033267 0.022731
0 0.362561 0.517752 0.033965 0.012016
0 0.409762 0.512494 0.023862 0.017830
0 0.404626 0.507726 0.025430 0.019400
0 0.372533 0.461384 0.025344 0.018552
0 0.389471 0.451292 0.018810 0.014955
0 0.391475 0.465952 0.062877 0.043244
0 0.388295 0.478983 0.057219 0.015878
0 0.407978 0.482220 0.019071 0.015283
0 0.429967 0.476044 0.029610 0.008433
0 0.427267 0.476700 0.031002 0.020315
0 0.425526 0.469843 0.020556 0.017046
0 0.426045 0.478725 0.017427 0.008294
0 0.392624 0.365371 0.018780 0.006907
0 0.415726 0.389725 0.021062 0.014737
0 0.411493 0.410129 0.012596 0.016096
0 0.449426 0.414854 0.015526 0.012847
0 0.442976 0.409639 0.010086 0.009824
0 0.410078 0.430557 0.015427 0.025394
0 0.415871 0.436150 0.020367 0.006500
0 0.420764 0.443480 0.008968 0.015417
0 0.425349 0.440797 0.018542 0.008842
0 0.436830 0.447108 0.013515 0.020556
0 0.449178 0.446730 0.020255 0.010429
0 0.443636 0.439513 0.012999 0.013678
0 0.433158 0.436829 0.011184 0.009824
0 0.451706 0.476427 0.018069 0.017225
0 0.462601 0.482418 0.022629 0.010843
0 0.440799 0.486877 0.017034 0.011716
0 0.439284 0.505634 0.027993 0.028594
0 0.436311 0.509086 0.007821 0.014690
0 0.448674 0.529199 0.014339 0.011716
0 0.441498 0.526357 0.019365 0.014603
0 0.480036 0.515339 0.038122 0.029120
0 0.463120 0.519230 0.023925 0.016615
0 0.486386 0.523251 0.024028 0.023958
0 0.483819 0.500825 0.010503 0.015652
0 0.475193 0.495403 0.019831 0.010231
0 0.475432 0.463749 0.020519 0.025796
0 0.478054 0.460120 0.021101 0.011719
0 0.490642 0.457449 0.018082 0.017061
0 0.493963 0.448311 0.015400 0.018720
0 0.487614 0.456142 0.008978 0.017051
0 0.519904 0.456492 0.022513 0.011104
0 0.514365 0.453562 0.019365 0.017138
0 0.510524 0.454219 0.014454 0.011979
0 0.527313 0.465843 0.023317 0.019335
0 0.508251 0.468909 0.020635 0.016701
0 0.507958 0.472052 0.019587 0.015136
0 0.539087 0.524477 0.019821 0.035501
0 0.526607 0.499338 0.017030 0.015303
0 0.528246 0.503666 0.023085 0.013814
0 0.543920 0.504846 0.022047 0.011806
0 0.498166 0.497458 0.017953 0.015213
0 0.509185 0.492168 0.016438 0.011106
0 0.508952 0.487533 0.015040 0.012155
0 0.516996 0.485654 0.012503 0.018713
0 0.520837 0.487970 0.015053 0.011456
0 0.511515 0.513240 0.025066 0.007433
0 0.510873 0.514508 0.011660 0.016262
0 0.516763 0.534794 0.014107 0.015565
0 0.538914 0.484255 0.018072 0.019412
0 0.540546 0.490637 0.017606 0.011716
0 0.547832 0.461038 0.028681 0.007607
0 0.504922 0.432795 0.034521 0.018973
0 0.496766 0.435593 0.020985 0.013904
0 0.499797 0.406957 0.018654 0.008745
0 0.493146 0.387894 0.026128 0.021334
0 0.504170 0.387020 0.017837 0.008395
0 0.518621 0.417624 0.011323 0.011543
0 0.521716 0.414172 0.016554 0.010580
0 0.539320 0.417319 0.012126 0.013378
0 0.567068 0.415263 0.023548 0.017837
0 0.554185 0.402498 0.029964 0.013115
0 0.551738 0.407438 0.018072 0.010754
0 0.559491 0.407000 0.020053 0.004983
0 0.571498 0.417187 0.016323 0.010144
0 0.565198 0.434325 0.020066 0.022386
0 0.565670 0.449408 0.018654 0.012855
0 0.556511 0.463792 0.015516 0.015565
0 0.558907 0.478260 0.027047 0.024229
0 0.562288 0.475859 0.020754 0.016089
0 0.578609 0.497413 0.014011 0.021250
0 0.575289 0.502878 0.024600 0.018886
0 0.560365 0.500124 0.022034 0.005159
0 0.558786 0.500430 0.014934 0.013638
0 0.563509 0.506508 0.015284 0.015476
0 0.570795 0.506770 0.018899 0.009358
0 0.582336 0.509699 0.014937 0.011367
0 0.567593 0.518399 0.013406 0.014253
0 0.584668 0.426675 0.008872 0.019149
0 0.585898 0.440184 0.018773 0.009092
0 0.599532 0.434457 0.017384 0.012153
0 0.577614 0.454306 0.020645 0.014077
0 0.595919 0.456755 0.022513 0.017750
0 0.606766 0.448141 0.019702 0.012418
0 0.595225 0.460645 0.013406 0.013641
0 0.608684 0.466503 0.035688 0.018537
0 0.582459 0.479924 0.018423 0.010930
0 0.591086 0.473586 0.021683 0.005947
0 0.606004 0.466678 0.017735 0.012592
0 0.620873 0.472013 0.025066 0.008569
0 0.610731 0.475160 0.024835 0.008921
0 0.614344 0.474854 0.013641 0.006731
