0 0.260355 0.411178 0.010241 0.011662
0 0.277199 0.407661 0.011104 0.007773
0 0.278246 0.412381 0.013449 0.007217
0 0.299345 0.409836 0.018631 0.008051
0 0.283861 0.420477 0.017272 0.011381
0 0.303973 0.457587 0.009871 0.005089
0 0.256037 0.393688 0.046022 0.028686
0 0.265291 0.305129 0.013201 0.010362
0 0.262824 0.361300 0.014683 0.008328
0 0.278365 0.362323 0.017411 0.008524
0 0.291141 0.367314 0.011104 0.007034
0 0.280160 0.371109 0.017027 0.004812
0 0.278185 0.348253 0.012586 0.005553
0 0.307120 0.351125 0.005304 0.012021
0 0.306501 0.350657 0.014683 0.004256
0 0.292993 0.351536 0.012586 0.007125
0 0.295706 0.354962 0.015546 0.006570
0 0.293917 0.356163 0.030228 0.015823
0 0.296323 0.350061 0.019001 0.009893
0 0.298236 0.335852 0.014435 0.017026
0 0.315880 0.337841 0.009993 0.007498
0 0.312794 0.339415 0.022335 0.008606
0 0.317298 0.374441 0.020483 0.012587
0 0.328651 0.379483 0.016534 0.008237
0 0.344320 0.387118 0.019494 0.006106
0 0.337535 0.353989 0.009871 0.014993
0 0.358757 0.397667 0.018261 0.008331
0 0.316181 0.319148 0.015066 0.010642
0 0.319765 0.326042 0.022209 0.007773
0 0.332839 0.332196 0.015559 0.010270
0 0.350365 0.331687 0.018013 0.006478
0 0.345980 0.327478 0.019878 0.014529
0 0.359613 0.324146 0.018029 0.006198
0 0.368194 0.331781 0.024306 0.019063
0 0.384605 0.334556 0.012708 0.014067
0 0.380534 0.324146 0.008019 0.006753
0 0.384851 0.322711 0.013201 0.010734
0 0.389603 0.313227 0.011104 0.009717
0 0.399719 0.312578 0.010364 0.015454
0 0.366397 0.303047 0.017781 0.011937
0 0.358687 0.302075 0.013955 0.018876
0 0.358674 0.252152 0.011614 0.010022
0 0.377429 0.222117 0.030876 0.029447
0 0.421715 0.271507 0.014196 0.009194
0 0.449180 0.234906 0.014008 0.011473
0 0.428904 0.219975 0.016405 0.008571
0 0.381318 0.367344 0.012159 0.011438
0 0.402166 0.371703 0.013115 0.008157
0 0.379345 0.357506 0.012474 0.009358
0 0.404352 0.402175 0.010026 0.007197
0 0.401792 0.408332 0.008743 0.006079
0 0.397421 0.418770 0.007037 0.007118
0 0.389955 0.412852 0.020903 0.012877
0 0.435086 0.399995 0.010833 0.006572
0 0.423616 0.397814 0.009878 0.003286
0 0.429549 0.399040 0.017285 0.010992
0 0.426164 0.394857 0.018638 0.007765
0 0.431382 0.388853 0.014735 0.006391
0 0.433135 0.377831 0.009478 0.008485
0 0.441936 0.377263 0.015453 0.009740
0 0.435403 0.385627 0.018320 0.019177
0 0.398246 0.355875 0.008046 0.012128
0 0.403899 0.351932 0.009001 0.007227
0 0.422062 0.353545 0.017285 0.014635
0 0.409516 0.354262 0.012907 0.007706
0 0.409233 0.360387 0.016019 0.009439
0 0.405213 0.361252 0.011472 0.003046
0 0.419792 0.324361 0.007169 0.008961
0 0.419633 0.323554 0.014180 0.014400
0 0.426085 0.332396 0.014656 0.007827
0 0.434567 0.328213 0.012665 0.010097
0 0.435326 0.339117 0.009719 0.010516
0 0.439545 0.355218 0.007966 0.015952
0 0.441260 0.353993 0.009319 0.010754
0 0.456592 0.393483 0.016888 0.005856
0 0.468502 0.400474 0.012348 0.004063
0 0.463325 0.399488 0.022226 0.010454
0 0.464081 0.390317 0.018003 0.017803
0 0.469375 0.388227 0.008849 0.006811
0 0.453280 0.354639 0.012665 0.008544
0 0.462639 0.354048 0.014815 0.013681
0 0.465463 0.326416 0.010761 0.012307
0 0.445992 0.325460 0.019914 0.007884
0 0.455668 0.313930 0.014259 0.016372
0 0.475155 0.350429 0.008935 0.008601
0 0.478957 0.340646 0.009957 0.006902
0 0.478735 0.345745 0.012001 0.008301
0 0.481620 0.347661 0.017249 0.007202
0 0.490046 0.328895 0.014980 0.010067
0 0.484843 0.335263 0.008938 0.019802
0 0.490045 0.340162 0.009911 0.009402
0 0.451837 0.300007 0.017695 0.007847
0 0.451630 0.298070 0.011085 0.008829
0 0.461579 0.296213 0.013356 0.012133
0 0.455073 0.284232 0.010946 0.006352
0 0.474248 0.281652 0.013218 0.009861
0 0.479342 0.305816 0.009775 0.009345
0 0.483061 0.300601 0.015559 0.016367
0 0.505055 0.340515 0.012874 0.018435
0 0.497034 0.375678 0.008399 0.008519
0 0.491045 0.374722 0.010741 0.014355
0 0.488189 0.380687 0.010671 0.012753
0 0.504471 0.387088 0.019001 0.010585
0 0.513867 0.364577 0.013700 0.007279
0 0.528846 0.337727 0.012123 0.005732
0 0.527017 0.342090 0.010119 0.011773
0 0.534282 0.345832 0.015972 0.018331
0 0.529393 0.381358 0.013495 0.013579
0 0.526639 0.377072 0.019415 0.014511
0 0.543609 0.374337 0.015215 0.011411
0 0.504726 0.282091 0.014253 0.007540
0 0.518082 0.290506 0.017004 0.009812
0 0.521351 0.293656 0.008813 0.006711
0 0.516050 0.310877 0.009501 0.012339
0 0.517738 0.303054 0.023201 0.011153
0 0.537531 0.320687 0.010327 0.006766
0 0.553573 0.314697 0.022444 0.008418
0 0.550749 0.320377 0.010188 0.019881
0 0.557736 0.337624 0.016868 0.014097
0 0.555465 0.354999 0.015493 0.007230
0 0.554087 0.357710 0.017004 0.004492
0 0.558975 0.361840 0.015628 0.008313
0 0.563170 0.379742 0.015215 0.006815
0 0.560346 0.376359 0.014388 0.014509
0 0.575111 0.376256 0.021472 0.015543
0 0.480610 0.240665 0.017880 0.006567
0 0.478122 0.236379 0.010139 0.011820
0 0.481670 0.236896 0.014286 0.005806
0 0.492774 0.250962 0.012718 0.007535
0 0.518122 0.244603 0.011243 0.006290
0 0.522908 0.236205 0.011789 0.010367
0 0.500701 0.212803 0.012903 0.010704
0 0.534896 0.222242 0.016220 0.006498
0 0.567799 0.224315 0.010691 0.005253
0 0.559919 0.226735 0.019263 0.007879
0 0.536693 0.234719 0.012811 0.014308
0 0.547475 0.229603 0.008019 0.012649
0 0.545861 0.227561 0.014745 0.009685
0 0.550885 0.227320 0.023872 0.015007
0 0.566791 0.247542 0.017312 0.009400
0 0.572545 0.241458 0.029587 0.012579
0 0.587890 0.216781 0.009769 0.007743
0 0.604342 0.213912 0.012626 0.008916
0 0.602267 0.220929 0.013456 0.011337
0 0.589043 0.225733 0.010784 0.006431
0 0.593790 0.224490 0.011799 0.009745
0 0.627292 0.241078 0.012440 0.007949
0 0.652315 0.243637 0.012533 0.009055
0 0.656139 0.250198 0.012259 0.010565
0 0.651531 0.268901 0.014841 0.012996
0 0.682913 0.275295 0.009398 0.013065
0 0.692269 0.280756 0.012811 0.011543
0 0.711761 0.280410 0.017510 0.012512
0 0.736877 0.292542 0.015757 0.015759
0 0.730979 0.297830 0.031243 0.010437
0 0.736508 0.310134 0.027374 0.014722
0 0.752591 0.335572 0.017880 0.012512
0 0.712500 0.332462 0.011429 0.011406
0 0.717890 0.360007 0.018525 0.011062
0 0.724158 0.348982 0.015208 0.008088
0 0.718767 0.350053 0.014378 0.008847
0 0.726784 0.342485 0.018065 0.011959
0 0.676994 0.415398 0.013585 0.005831
0 0.681936 0.408457 0.007649 0.005089
0 0.676071 0.405774 0.016422 0.012862
0 0.672121 0.414750 0.012722 0.011012
0 0.679162 0.371303 0.010486 0.012031
0 0.667687 0.373940 0.008760 0.007681
0 0.660524 0.346317 0.018396 0.007773
0 0.668112 0.344004 0.009392 0.007959
0 0.672925 0.341644 0.011610 0.005461
0 0.680513 0.338082 0.016918 0.010920
0 0.674473 0.330864 0.012953 0.011476
0 0.682308 0.326145 0.019742 0.013509
0 0.664602 0.313883 0.021346 0.010270
0 0.658735 0.430527 0.017040 0.005553
0 0.651949 0.438855 0.033079 0.027021
0 0.644489 0.429927 0.010241 0.007865
0 0.624810 0.294774 0.009375 0.009067
0 0.621047 0.290517 0.015420 0.010365
0 0.601367 0.277098 0.023442 0.007217
0 0.568917 0.283901 0.016286 0.013234
0 0.565956 0.290007 0.014067 0.006939
0 0.550038 0.286724 0.010612 0.007589
0 0.560896 0.298984 0.009623 0.006386
0 0.576746 0.308563 0.014200 0.009070
0 0.590756 0.300279 0.008634 0.006014
0 0.583778 0.307406 0.016174 0.009345
0 0.607042 0.305970 0.024924 0.003884
0 0.598214 0.311848 0.020615 0.009162
0 0.572488 0.330260 0.009884 0.011007
0 0.632515 0.350806 0.010995 0.008051
0 0.630728 0.358811 0.008896 0.009070
0 0.610184 0.349649 0.008773 0.009070
0 0.613952 0.354785 0.012586 0.007125
0 0.622095 0.358996 0.013079 0.011106
0 0.606301 0.353952 0.020976 0.003792
0 0.635852 0.375977 0.012708 0.015640
0 0.626229 0.378013 0.018879 0.011012
0 0.605124 0.380233 0.015188 0.006572
0 0.600441 0.382917 0.015916 0.008606
0 0.610250 0.384814 0.016286 0.010734
0 0.593241 0.428945 0.011290 0.007899
0 0.602672 0.413713 0.014319 0.008105
0 0.599606 0.423006 0.015086 0.012237
0 0.600056 0.428816 0.016111 0.008881
0 0.602531 0.423316 0.007993 0.008725
0 0.602052 0.422981 0.023271 0.003616
0 0.621882 0.418230 0.013770 0.012498
0 0.616650 0.422722 0.025886 0.015181
0 0.629830 0.415236 0.008476 0.005372
0 0.603775 0.406174 0.011293 0.011515
0 0.613482 0.408109 0.021065 0.008881
0 0.611243 0.408213 0.011911 0.005265
0 0.617265 0.404857 0.012123 0.005474
0 0.618676 0.395641 0.009163 0.008003
0 0.622088 0.395176 0.008125 0.009554
0 0.626108 0.402223 0.007639 0.009293
0 0.640918 0.393394 0.018383 0.011362
0 0.632174 0.393730 0.016181 0.007178
0 0.633380 0.411595 0.012943 0.020704
0 0.636645 0.419418 0.015499 0.014561
0 0.635650 0.407883 0.004818 0.019878
0 0.637505 0.402946 0.020387 0.013631
0 0.632450 0.433488 0.015628 0.019467
0 0.705033 0.353372 0.012348 0.005117
0 0.483981 0.576828 0.021892 0.015923
0 0.467060 0.579813 0.014610 0.027532
0 0.457890 0.581968 0.026316 0.008624
0 0.521840 0.552382 0.009289 0.014263
0 0.496078 0.594506 0.010833 0.010615
0 0.484802 0.593926 0.034272 0.014762
0 0.475403 0.594590 0.013267 0.010781
0 0.484979 0.554355 0.011055 0.009122
0 0.496146 0.549132 0.021009 0.012272
0 0.507201 0.548136 0.019679 0.013266
0 0.298137 0.610162 0.009309 0.012934
0 0.301675 0.579814 0.015056 0.014926
0 0.337267 0.565882 0.011941 0.010613
0 0.332953 0.586198 0.025430 0.009787
0 0.382596 0.597309 0.014597 0.011111
0 0.409686 0.588105 0.018353 0.010947
0 0.369661 0.611075 0.020565 0.011773
0 0.434783 0.577906 0.008403 0.010117
0 0.412781 0.600543 0.017910 0.010283
0 0.417202 0.604027 0.008181 0.010945
0 0.420298 0.607343 0.024987 0.013931
0 0.422508 0.609002 0.013489 0.009288
0 0.417313 0.615056 0.013271 0.014759
0 0.461981 0.561322 0.010615 0.013765
0 0.474585 0.544488 0.015923 0.008291
0 0.459152 0.600311 0.017027 0.008956
0 0.466116 0.611174 0.009732 0.008127
0 0.455944 0.615238 0.021227 0.009950
0 0.447098 0.624939 0.015923 0.005806
0 0.436596 0.635636 0.013932 0.008291
0 0.446768 0.634557 0.024104 0.017746
0 0.428967 0.649235 0.019018 0.008624
0 0.433383 0.658248 0.018552 0.007165
0 0.427634 0.654162 0.011677 0.015050
0 0.438719 0.666489 0.010149 0.011322
0 0.484501 0.679891 0.013380 0.010893
0 0.483727 0.670001 0.014927 0.016342
0 0.499780 0.658606 0.010724 0.017059
0 0.499120 0.648645 0.007837 0.007453
0 0.526832 0.680751 0.018538 0.006880
0 0.480000 0.618543 0.011296 0.002294
0 0.479626 0.622700 0.009365 0.007453
0 0.493196 0.617682 0.012424 0.006307
0 0.490321 0.620765 0.005562 0.015910
0 0.502371 0.626784 0.025800 0.017631
0 0.518700 0.606718 0.017222 0.010751
0 0.528839 0.627215 0.012996 0.009315
0 0.550195 0.666044 0.015377 0.016354
0 0.566300 0.680228 0.010589 0.010779
0 0.552426 0.619897 0.010585 0.006813
0 0.567381 0.612279 0.019656 0.014866
0 0.579276 0.620083 0.019656 0.003718
0 0.550830 0.597980 0.017169 0.019596
0 0.551685 0.590982 0.019944 0.011518
0 0.583900 0.568507 0.013972 0.014876
0 0.604478 0.629415 0.030847 0.003522
0 0.619590 0.638388 0.021594 0.015546
0 0.623662 0.619557 0.031710 0.007125
0 0.612743 0.601466 0.009375 0.006478
0 0.621257 0.610626 0.029610 0.019804
0 0.640752 0.590776 0.009871 0.012123
0 0.634582 0.571761 0.013323 0.007034
0 0.635445 0.552743 0.007649 0.008606
0 0.642169 0.557927 0.013942 0.008606
0 0.661357 0.572315 0.026650 0.017026
0 0.671288 0.606137 0.026035 0.006570
0 0.666045 0.614142 0.017765 0.011290
0 0.662774 0.617150 0.021098 0.006756
0 0.729340 0.648316 0.023125 0.008051
0 0.676400 0.558439 0.017014 0.006193
0 0.708113 0.543387 0.022298 0.008797
0 0.707040 0.559554 0.012222 0.016106
0 0.670845 0.541314 0.018879 0.011290
0 0.674854 0.543767 0.021713 0.016563
0 0.684294 0.551725 0.017642 0.022488
0 0.666156 0.542009 0.053919 0.013418
0 0.683801 0.512674 0.010241 0.009162
0 0.683862 0.498377 0.019742 0.014065
0 0.720630 0.483385 0.019494 0.013140
0 0.693485 0.479591 0.010119 0.005923
0 0.687809 0.467562 0.012338 0.005367
0 0.610579 0.491885 0.025694 0.014990
0 0.598300 0.481660 0.007996 0.008673
0 0.588808 0.483749 0.020129 0.019273
0 0.554616 0.508053 0.006852 0.012634
0 0.561184 0.516137 0.015417 0.008028
0 0.557829 0.531768 0.026696 0.033299
0 0.548335 0.545156 0.017986 0.008894
0 0.541911 0.533216 0.016561 0.005568
0 0.506151 0.513514 0.024127 0.006424
0 0.506508 0.516512 0.023413 0.012418
0 0.506007 0.489048 0.008138 0.009315
0 0.502437 0.485944 0.007566 0.009745
0 0.488090 0.493118 0.026267 0.011672
0 0.514216 0.487550 0.015132 0.018309
0 0.462037 0.485782 0.017275 0.009849
0 0.467391 0.476199 0.018274 0.022378
0 0.435341 0.525238 0.012136 0.014881
0 0.421349 0.532144 0.016131 0.014774
0 0.406931 0.552540 0.009279 0.011885
0 0.376736 0.547080 0.015132 0.013599
0 0.377665 0.532732 0.005853 0.012741
0 0.363674 0.534768 0.014134 0.008886
0 0.352970 0.539103 0.015847 0.008351
0 0.379307 0.517047 0.009706 0.015419
0 0.377517 0.517850 0.016144 0.008671
0 0.382733 0.501147 0.008853 0.013599
0 0.421564 0.494509 0.019127 0.005461
0 0.406931 0.485729 0.017275 0.009955
0 0.335694 0.547347 0.015562 0.010920
0 0.326986 0.539852 0.010995 0.003212
0 0.344545 0.520366 0.011849 0.005355
0 0.350471 0.516780 0.010850 0.006104
0 0.352397 0.525185 0.020985 0.013490
0 0.335694 0.527861 0.022414 0.021629
0 0.339621 0.514263 0.019130 0.008353
0 0.351969 0.496864 0.016987 0.011243
0 0.340334 0.490012 0.010562 0.008457
0 0.335266 0.490064 0.010704 0.012634
0 0.362318 0.466938 0.008280 0.011352
0 0.358750 0.466562 0.018843 0.010600
0 0.336764 0.462976 0.010565 0.006210
0 0.267313 0.602542 0.013562 0.009315
0 0.249324 0.601900 0.021842 0.013383
0 0.238831 0.604629 0.012847 0.009422
0 0.235119 0.581931 0.015132 0.007066
0 0.293223 0.564694 0.012563 0.010707
0 0.301432 0.559928 0.008995 0.010600
0 0.298651 0.550774 0.011429 0.015417
0 0.288654 0.549810 0.008565 0.012850
0 0.295936 0.543814 0.016845 0.010278
0 0.281017 0.538676 0.014990 0.012847
0 0.255820 0.550613 0.057388 0.026875
0 0.207495 0.555270 0.016987 0.012634
0 0.215704 0.525185 0.010278 0.008351
0 0.204282 0.500290 0.019987 0.011672
0 0.179444 0.470794 0.006852 0.012421
0 0.216419 0.466296 0.009993 0.011992
0 0.148608 0.466778 0.010278 0.011672
0 0.240759 0.490279 0.012708 0.008351
0 0.256248 0.502485 0.014276 0.011349
0 0.271025 0.502753 0.012421 0.011672
0 0.294507 0.517635 0.018558 0.013385
0 0.295508 0.519402 0.019699 0.009851
0 0.298719 0.509177 0.012133 0.009315
0 0.298006 0.500665 0.018128 0.006424
0 0.287870 0.499649 0.016131 0.007602
0 0.294936 0.505858 0.022272 0.011885
0 0.300789 0.496008 0.012847 0.005032
0 0.280946 0.508744 0.027407 0.034596
0 0.275521 0.480644 0.010850 0.010707
0 0.288155 0.478449 0.005569 0.012527
0 0.317135 0.498738 0.021842 0.017773
0 0.315116 0.477810 0.010238 0.007197
0 0.322581 0.475332 0.013013 0.007679
0 0.316503 0.475967 0.010665 0.012163
0 0.318902 0.476571 0.014821 0.019596
0 0.320288 0.460975 0.010344 0.005997
0 0.320980 0.461935 0.006399 0.012718
0 0.322100 0.464694 0.012903 0.008157
0 0.297574 0.448699 0.008641 0.009278
0 0.290056 0.459855 0.015357 0.008559
0 0.273102 0.462812 0.026660 0.018472
0 0.306551 0.433628 0.014438 0.009717
0 0.361334 0.441633 0.012708 0.008142
0 0.374043 0.434738 0.017397 0.011014
0 0.387368 0.426734 0.012956 0.019435
0 0.408652 0.430019 0.009871 0.008976
0 0.420929 0.441725 0.007030 0.015176
0 0.443530 0.449747 0.009812 0.015437
0 0.464694 0.455544 0.008224 0.016476
0 0.463259 0.441348 0.024527 0.013356
0 0.432440 0.425433 0.008955 0.008559
0 0.441286 0.416435 0.023684 0.008157
0 0.469871 0.415995 0.020688 0.007277
0 0.463099 0.413075 0.012050 0.007996
0 0.485441 0.410316 0.010665 0.016714
0 0.508421 0.415915 0.010771 0.008239
0 0.547879 0.435526 0.013079 0.009439
0 0.541642 0.441355 0.018151 0.014621
0 0.561143 0.438486 0.016901 0.007775
0 0.547695 0.424051 0.019372 0.015732
0 0.524375 0.416137 0.009253 0.007681
0 0.528077 0.405357 0.020605 0.011473
0 0.520112 0.400407 0.022467 0.023596
0 0.545721 0.394252 0.007771 0.009809
0 0.542758 0.390552 0.012216 0.005553
0 0.596739 0.439504 0.013327 0.007589
0 0.616728 0.448943 0.009626 0.009995
0 0.661333 0.464490 0.012460 0.010365
0 0.696058 0.456716 0.013829 0.005184
0 0.691369 0.458243 0.012599 0.007681
0 0.675643 0.461065 0.009501 0.006848
0 0.689458 0.456162 0.031475 0.012215
0 0.710809 0.441632 0.010241 0.007773
0 0.795858 0.437395 0.009501 0.006386
0 0.764210 0.402091 0.021964 0.003333
0 0.768652 0.402600 0.009871 0.016009
0 0.766062 0.406301 0.023690 0.014898
0 0.777535 0.418886 0.036769 0.033591
0 0.727072 0.385388 0.018013 0.006014
0 0.722259 0.377655 0.009623 0.019442
0 0.156635 0.446448 0.010076 0.008175
0 0.155809 0.438829 0.015691 0.009787
0 0.235177 0.424211 0.018502 0.012267
0 0.196690 0.406496 0.033697 0.023661
0 0.180157 0.382537 0.011723 0.013418
0 0.187745 0.381566 0.016038 0.007959
0 0.195395 0.381983 0.014560 0.009531
0 0.200885 0.387997 0.008515 0.008976
0 0.200885 0.371571 0.010486 0.007403
0 0.223834 0.380130 0.013204 0.015454
0 0.206123 0.356997 0.014322 0.008978
0 0.246475 0.366714 0.006171 0.009717
0 0.247455 0.349085 0.013555 0.007773
0 0.245790 0.386100 0.013955 0.008698
