0 0.486324 0.424606 0.013423 0.009246
0 0.501931 0.415066 0.020291 0.012875
0 0.507082 0.426186 0.017483 0.014281
0 0.517383 0.418754 0.015605 0.013931
0 0.516913 0.434087 0.016544 0.011354
0 0.505364 0.443276 0.014358 0.010536
0 0.517928 0.444974 0.010771 0.008311
0 0.521597 0.439180 0.016858 0.007726
0 0.516057 0.458904 0.022629 0.011587
0 0.533226 0.395926 0.014203 0.021654
0 0.527841 0.374213 0.010615 0.011004
0 0.568733 0.369179 0.022163 0.015918
0 0.574117 0.388435 0.023254 0.019315
0 0.568029 0.392649 0.016700 0.013695
0 0.559757 0.394172 0.018886 0.006438
0 0.508798 0.475117 0.013733 0.012406
0 0.519645 0.472366 0.017325 0.013462
0 0.534317 0.451120 0.021068 0.014283
0 0.543993 0.444565 0.018886 0.007493
0 0.548753 0.435433 0.012798 0.008896
0 0.556715 0.428352 0.009679 0.008544
0 0.574664 0.425660 0.014983 0.009950
0 0.570761 0.423495 0.014669 0.015685
0 0.579893 0.413075 0.023257 0.009831
0 0.581842 0.406637 0.015919 0.008194
0 0.590818 0.421679 0.015764 0.009013
0 0.590427 0.416002 0.010926 0.008661
0 0.598854 0.424606 0.011862 0.009950
0 0.594721 0.428001 0.011081 0.008547
0 0.606268 0.418167 0.010771 0.008780
0 0.608533 0.416178 0.013423 0.010417
0 0.594329 0.402950 0.010615 0.007845
0 0.608219 0.431633 0.012801 0.008306
0 0.616101 0.421621 0.012956 0.007259
0 0.602055 0.380826 0.011392 0.006438
0 0.613214 0.386797 0.016858 0.009482
0 0.617507 0.383402 0.010456 0.007374
0 0.611263 0.403183 0.008274 0.008311
0 0.625701 0.410443 0.012487 0.010885
0 0.630071 0.407165 0.016855 0.018378
0 0.633348 0.407107 0.010301 0.006555
0 0.650283 0.407516 0.013892 0.015102
0 0.651374 0.407047 0.031683 0.011590
0 0.668388 0.381998 0.014514 0.008311
0 0.675020 0.379479 0.012487 0.009598
0 0.670104 0.395108 0.012642 0.010652
0 0.672057 0.436605 0.019041 0.016389
0 0.670572 0.433736 0.013889 0.010419
0 0.683527 0.437834 0.016386 0.015102
0 0.645914 0.434089 0.014203 0.012994
0 0.636548 0.432331 0.008585 0.011121
0 0.641463 0.445091 0.011862 0.009482
0 0.625779 0.448719 0.022007 0.010652
0 0.613995 0.442047 0.022474 0.012056
0 0.614463 0.453109 0.011551 0.008896
0 0.609001 0.455275 0.018730 0.010888
0 0.605255 0.447724 0.011237 0.007726
0 0.596437 0.446379 0.012331 0.009950
0 0.589178 0.453870 0.017166 0.015102
0 0.534785 0.465693 0.011706 0.007845
0 0.548285 0.462416 0.021227 0.012292
0 0.574820 0.455567 0.013733 0.010067
0 0.570761 0.453812 0.017169 0.013576
0 0.568732 0.442106 0.015294 0.007961
0 0.556872 0.442400 0.009365 0.005737
0 0.557885 0.447842 0.008271 0.008661
0 0.566470 0.448017 0.012642 0.008311
0 0.603849 0.471019 0.017169 0.012173
0 0.607674 0.466688 0.022946 0.012408
0 0.591286 0.469438 0.013267 0.011823
0 0.587307 0.466688 0.013423 0.016153
0 0.577239 0.466279 0.011706 0.008078
0 0.573259 0.470843 0.017794 0.006672
0 0.571776 0.486412 0.009835 0.007374
0 0.552968 0.482550 0.014673 0.008547
0 0.556090 0.488344 0.018727 0.008896
0 0.600025 0.484715 0.018886 0.009598
0 0.612746 0.485711 0.020916 0.007845
0 0.625231 0.484891 0.020913 0.016037
0 0.617740 0.480794 0.015294 0.008780
0 0.635767 0.473771 0.009835 0.009715
0 0.640060 0.468152 0.012176 0.012525
0 0.650595 0.471957 0.012328 0.009598
0 0.664173 0.460309 0.012956 0.006674
0 0.669481 0.470903 0.019511 0.015451
0 0.611341 0.492851 0.019977 0.014164
0 0.574663 0.495309 0.017169 0.013227
0 0.581374 0.500577 0.018416 0.010885
0 0.585666 0.503620 0.013892 0.017676
0 0.561182 0.501607 0.016505 0.010030
0 0.519812 0.507092 0.011071 0.011282
0 0.517201 0.518844 0.017133 0.011910
0 0.543004 0.517982 0.020268 0.016768
0 0.504653 0.543919 0.020496 0.012222
0 0.520638 0.538041 0.016528 0.014573
0 0.654152 0.589599 0.033244 0.012066
0 0.659177 0.589756 0.010238 0.010186
0 0.542692 0.596885 0.018386 0.012222
0 0.583434 0.563585 0.014626 0.013633
0 0.613209 0.516494 0.014838 0.010027
0 0.680385 0.542665 0.017133 0.012225
0 0.682475 0.525348 0.016716 0.009561
0 0.676270 0.499640 0.014517 0.009717
0 0.645522 0.489690 0.013578 0.010184
0 0.573962 0.478921 0.016389 0.014400
0 0.549613 0.474648 0.013267 0.007024
0 0.557340 0.474707 0.022788 0.013929
0 0.583170 0.484013 0.014825 0.012173
0 0.588943 0.479156 0.020136 0.013227
0 0.189608 0.499018 0.013780 0.013418
0 0.188882 0.502190 0.043274 0.012510
0 0.247145 0.489680 0.009428 0.008160
0 0.494367 0.666455 0.019864 0.010429
0 0.460506 0.659275 0.011376 0.010429
0 0.401815 0.614587 0.020046 0.010955
0 0.444886 0.587424 0.019864 0.012190
0 0.407685 0.562165 0.011918 0.033725
0 0.378700 0.555461 0.030880 0.017336
0 0.361455 0.554174 0.026726 0.013681
0 0.355316 0.558847 0.018059 0.010833
0 0.375180 0.544220 0.012278 0.009209
0 0.382946 0.536364 0.016614 0.007584
0 0.320362 0.655661 0.013383 0.012736
0 0.321726 0.624508 0.019325 0.016525
0 0.300599 0.624847 0.016071 0.015846
0 0.285969 0.632093 0.017156 0.013001
0 0.271885 0.646043 0.022937 0.013544
0 0.232156 0.634531 0.014987 0.012460
0 0.202088 0.670693 0.027450 0.018420
0 0.218882 0.674079 0.018419 0.010836
0 0.198838 0.658977 0.016253 0.009616
0 0.155589 0.633989 0.025463 0.021942
0 0.146200 0.568823 0.010661 0.010518
0 0.131210 0.562206 0.031938 0.013237
0 0.174013 0.551870 0.019825 0.011424
0 0.210508 0.586864 0.016948 0.017225
0 0.219451 0.582241 0.015979 0.008341
0 0.313143 0.533829 0.018132 0.017406
0 0.333209 0.531835 0.022966 0.011240
0 0.308672 0.503731 0.034329 0.028286
0 0.257781 0.490766 0.021032 0.019400
0 0.185498 0.490949 0.017159 0.029918
0 0.499200 0.453519 0.012956 0.007609
0 0.481329 0.472132 0.012176 0.016739
0 0.490382 0.483662 0.016233 0.008192
0 0.481252 0.486062 0.015453 0.012525
0 0.477426 0.457382 0.019666 0.018380
0 0.497093 0.498645 0.019352 0.011471
0 0.490850 0.497357 0.014358 0.011704
0 0.474306 0.501982 0.015608 0.011587
0 0.459243 0.490041 0.017950 0.011590
0 0.460180 0.518428 0.014514 0.014281
0 0.488509 0.393996 0.014358 0.010303
0 0.468922 0.402716 0.017950 0.010417
0 0.469155 0.414773 0.015294 0.015102
0 0.460883 0.437190 0.028406 0.020134
0 0.449332 0.465634 0.012487 0.010067
0 0.441764 0.461772 0.012642 0.010533
0 0.403133 0.482199 0.013112 0.011119
0 0.426701 0.524457 0.009990 0.011121
0 0.433725 0.427591 0.019355 0.005384
0 0.443558 0.410734 0.014048 0.009132
0 0.426233 0.388380 0.015608 0.010541
0 0.404539 0.388493 0.011862 0.009834
0 0.374651 0.408979 0.020757 0.010300
0 0.371450 0.422206 0.009051 0.011942
0 0.343044 0.392941 0.032464 0.009365
0 0.327202 0.414656 0.012328 0.014397
0 0.361772 0.438946 0.011237 0.015218
0 0.362632 0.449013 0.018571 0.012173
0 0.350613 0.437307 0.020136 0.013814
0 0.308080 0.374970 0.054937 0.019087
0 0.295440 0.411319 0.029656 0.018730
0 0.334226 0.354196 0.024815 0.010536
0 0.381440 0.335350 0.013112 0.013110
0 0.384249 0.320366 0.007804 0.014516
0 0.767232 0.633898 0.015231 0.008886
0 0.711386 0.598269 0.016680 0.012693
0 0.785002 0.602803 0.020308 0.011240
0 0.765043 0.546595 0.016706 0.013418
0 0.757791 0.541699 0.022507 0.007252
0 0.700265 0.484221 0.017163 0.011240
0 0.782221 0.507429 0.014745 0.011605
0 0.823560 0.509334 0.016683 0.009973
0 0.732297 0.451403 0.016438 0.011605
0 0.805790 0.464096 0.032394 0.022483
0 0.838912 0.451766 0.013056 0.016682
0 0.834924 0.426381 0.015714 0.014142
0 0.782579 0.375800 0.015463 0.012339
0 0.749221 0.400816 0.015473 0.013056
0 0.712340 0.396283 0.015737 0.011605
0 0.703287 0.351861 0.014987 0.012691
0 0.720089 0.338534 0.019101 0.012510
0 0.673431 0.318500 0.014745 0.016682
0 0.630612 0.342671 0.015007 0.017336
0 0.623208 0.333191 0.021508 0.009750
0 0.615802 0.335494 0.017894 0.017877
0 0.614899 0.316463 0.023317 0.016116
0 0.603983 0.307795 0.024196 0.018557
0 0.626276 0.298586 0.023677 0.006637
0 0.644334 0.279218 0.014646 0.008802
0 0.493814 0.438888 0.019355 0.009482
0 0.653094 0.287209 0.035413 0.013137
0 0.566052 0.295538 0.012659 0.010565
0 0.548533 0.283958 0.012298 0.016116
0 0.634954 0.235064 0.012824 0.015035
0 0.596759 0.239332 0.016250 0.012731
0 0.581131 0.200053 0.015007 0.015980
0 0.504382 0.306238 0.011396 0.011920
0 0.453545 0.223620 0.033604 0.019774
0 0.408408 0.226465 0.015532 0.009209
0 0.409122 0.261069 0.015909 0.026141
0 0.219463 0.264575 0.026108 0.008703
0 0.240012 0.343175 0.010638 0.025565
0 0.216321 0.396755 0.006286 0.016317
0 0.234211 0.407361 0.015473 0.015050
0 0.255607 0.403554 0.013780 0.019400
0 0.082508 0.478437 0.017649 0.009608
0 0.086741 0.465745 0.033846 0.010335
0 0.118651 0.479072 0.023690 0.019583
0 0.199760 0.505091 0.011849 0.021213
