0 0.591878 0.557930 0.008261 0.021679
0 0.435582 0.148113 0.030403 0.005680
0 0.309190 0.229231 0.015853 0.013755
0 0.321815 0.209288 0.026726 0.007188
0 0.393271 0.250099 0.069524 0.026339
0 0.407616 0.228900 0.009709 0.025697
0 0.428960 0.251166 0.014706 0.022282
0 0.424105 0.235861 0.022411 0.029122
0 0.419466 0.274019 0.023125 0.020236
0 0.435526 0.274984 0.007282 0.020449
0 0.400265 0.308073 0.015278 0.025174
0 0.417609 0.302292 0.011706 0.024315
0 0.414683 0.306302 0.022698 0.013919
0 0.423462 0.319096 0.027123 0.017666
0 0.410899 0.329643 0.028267 0.013705
0 0.446642 0.302876 0.023879 0.010990
0 0.438900 0.329524 0.022774 0.041473
0 0.460835 0.310583 0.028284 0.012579
0 0.455807 0.268452 0.021197 0.015000
0 0.481296 0.244638 0.010238 0.022674
0 0.497788 0.278647 0.042857 0.021014
0 0.514383 0.232161 0.026095 0.036704
0 0.531015 0.236308 0.021753 0.017626
0 0.545719 0.239903 0.006921 0.021776
0 0.572490 0.256079 0.015853 0.037535
0 0.601634 0.303233 0.020582 0.019115
0 0.598861 0.266602 0.018661 0.017996
0 0.613684 0.268641 0.011409 0.022555
0 0.624296 0.295353 0.009385 0.033271
0 0.634426 0.264763 0.029858 0.022314
0 0.648876 0.279679 0.024636 0.028152
0 0.659059 0.258485 0.036260 0.009757
0 0.659540 0.281718 0.009491 0.025995
0 0.674309 0.273080 0.027083 0.012396
0 0.701928 0.309470 0.025595 0.008559
0 0.524565 0.315174 0.034871 0.024395
0 0.525787 0.299257 0.011528 0.017994
0 0.567222 0.291458 0.023353 0.015516
0 0.546214 0.298177 0.026766 0.010397
0 0.534697 0.303776 0.018449 0.012959
0 0.535117 0.317933 0.027629 0.009278
0 0.480946 0.322252 0.035093 0.031672
0 0.477751 0.327009 0.030820 0.004400
0 0.499294 0.342485 0.022927 0.011037
0 0.549621 0.355682 0.018674 0.027991
0 0.542535 0.342845 0.016637 0.020074
0 0.536771 0.349725 0.018568 0.017996
0 0.530372 0.345765 0.021339 0.009278
0 0.583537 0.321611 0.028899 0.009918
0 0.639150 0.317453 0.025595 0.005918
0 0.642450 0.319932 0.021554 0.008638
0 0.595853 0.354962 0.049054 0.013276
0 0.592650 0.357202 0.030294 0.006240
0 0.595747 0.353403 0.020688 0.016235
0 0.594841 0.344886 0.005225 0.017436
0 0.616270 0.352044 0.005450 0.025992
0 0.720131 0.329244 0.010129 0.023413
0 0.713467 0.342246 0.014818 0.019249
0 0.708848 0.331141 0.033436 0.019618
0 0.686824 0.332992 0.047133 0.007220
0 0.686442 0.343635 0.008638 0.022210
0 0.659481 0.344888 0.045033 0.025809
0 0.656334 0.356321 0.024679 0.026282
0 0.644372 0.367741 0.018274 0.029335
0 0.660665 0.361549 0.016038 0.017860
0 0.649006 0.367656 0.024554 0.009162
0 0.666829 0.376814 0.020741 0.012299
0 0.677870 0.375795 0.021111 0.018053
0 0.706004 0.358903 0.022841 0.019249
0 0.747763 0.346595 0.018509 0.005923
0 0.436311 0.346784 0.018132 0.018202
0 0.419251 0.343947 0.009421 0.029015
0 0.422178 0.345553 0.011564 0.020878
0 0.407545 0.346142 0.025982 0.022914
0 0.415967 0.364023 0.025982 0.012207
0 0.411685 0.363810 0.026267 0.013919
0 0.378993 0.353690 0.039117 0.029018
0 0.383919 0.361935 0.028697 0.011672
0 0.370215 0.276172 0.027553 0.008460
0 0.338948 0.273495 0.048108 0.023447
0 0.352725 0.288967 0.031978 0.017989
0 0.336308 0.305991 0.027979 0.015419
0 0.253008 0.387899 0.018132 0.027411
0 0.265142 0.381582 0.018988 0.018631
0 0.261858 0.387257 0.027553 0.027411
0 0.280203 0.381476 0.021696 0.018631
0 0.324959 0.372320 0.031267 0.012954
0 0.331597 0.368413 0.021700 0.013492
0 0.333310 0.348444 0.027983 0.030513
0 0.317321 0.344428 0.012851 0.027195
0 0.306971 0.327619 0.022414 0.037475
0 0.282202 0.326013 0.022844 0.025484
0 0.292766 0.341913 0.020559 0.023876
0 0.296693 0.338594 0.014134 0.022163
0 0.280703 0.350532 0.022986 0.023767
0 0.276634 0.350853 0.020271 0.030407
0 0.252436 0.285219 0.028409 0.012205
0 0.239089 0.260485 0.013132 0.018202
0 0.259003 0.340414 0.026696 0.017882
0 0.228738 0.336827 0.034977 0.019913
0 0.225741 0.328261 0.030979 0.025694
0 0.202971 0.341592 0.047682 0.035868
0 0.222741 0.320926 0.020701 0.015310
0 0.205683 0.326709 0.018562 0.023447
0 0.177060 0.340789 0.046396 0.023983
0 0.194120 0.355029 0.026554 0.018202
0 0.205041 0.362149 0.020129 0.024090
0 0.176774 0.397107 0.032979 0.010280
0 0.184340 0.399624 0.025837 0.025161
0 0.164997 0.386187 0.012851 0.018202
0 0.170635 0.377246 0.013565 0.018951
0 0.147437 0.382331 0.023128 0.033834
0 0.170635 0.333402 0.010992 0.025910
0 0.124309 0.343300 0.021700 0.016178
0 0.127345 0.424051 0.027851 0.008127
0 0.715463 0.380444 0.040139 0.008671
0 0.748252 0.375797 0.024448 0.017220
0 0.723724 0.382302 0.027917 0.013130
0 0.696882 0.389053 0.027421 0.009539
0 0.751887 0.396115 0.031386 0.012264
0 0.734377 0.398839 0.034355 0.004831
0 0.759401 0.406706 0.032540 0.007927
0 0.757171 0.415006 0.024117 0.007929
0 0.764934 0.421448 0.018829 0.018333
0 0.799621 0.434085 0.023456 0.012143
0 0.784921 0.479364 0.024775 0.010776
0 0.731569 0.443872 0.020479 0.031964
0 0.725952 0.439597 0.026759 0.017468
0 0.744701 0.448145 0.020314 0.014494
0 0.720666 0.466729 0.015195 0.014246
0 0.707204 0.457995 0.017014 0.011892
0 0.709683 0.420334 0.019325 0.015112
0 0.703819 0.426032 0.039643 0.010903
0 0.641382 0.382240 0.019160 0.007063
0 0.654597 0.389302 0.020152 0.007061
0 0.645842 0.396611 0.024117 0.007309
0 0.665665 0.396548 0.026098 0.019821
0 0.680941 0.410733 0.023290 0.012264
0 0.583652 0.381373 0.015360 0.031838
0 0.600665 0.374498 0.038485 0.008177
0 0.598188 0.378400 0.024610 0.009787
0 0.625691 0.427829 0.084239 0.020687
0 0.614046 0.409798 0.041789 0.023301
0 0.609421 0.419405 0.052361 0.039271
0 0.593894 0.387071 0.015030 0.010283
0 0.605126 0.393451 0.036501 0.007681
0 0.584396 0.398220 0.036670 0.006069
0 0.587700 0.410732 0.028740 0.009787
0 0.609006 0.416184 0.021802 0.007309
0 0.613466 0.416927 0.006607 0.015982
0 0.662194 0.430120 0.015526 0.027254
0 0.606529 0.436749 0.018171 0.015734
0 0.610575 0.434829 0.020979 0.015610
0 0.611485 0.443872 0.030060 0.014122
0 0.619909 0.453162 0.010903 0.030476
0 0.545827 0.399893 0.033862 0.009415
0 0.558464 0.403672 0.037001 0.007061
0 0.515021 0.391594 0.015195 0.022051
0 0.568042 0.437305 0.027751 0.030474
0 0.579276 0.423802 0.014206 0.021310
0 0.548717 0.449137 0.037659 0.015238
0 0.531126 0.440774 0.022960 0.019821
0 0.529805 0.423616 0.025933 0.010779
0 0.604630 0.462021 0.019987 0.015238
0 0.593646 0.461773 0.012556 0.010283
0 0.497925 0.492062 0.088039 0.045092
0 0.485703 0.498814 0.064256 0.035060
0 0.501890 0.492124 0.030559 0.022919
0 0.487437 0.488160 0.026098 0.020938
0 0.480169 0.481283 0.039312 0.012140
0 0.477278 0.484753 0.025602 0.011892
0 0.489501 0.468090 0.025933 0.014246
0 0.433340 0.470383 0.064583 0.007185
0 0.431192 0.475585 0.036505 0.010159
0 0.411620 0.476638 0.025767 0.006069
0 0.452088 0.466357 0.030724 0.006567
0 0.420541 0.451863 0.028740 0.010531
0 0.394525 0.440279 0.009415 0.023539
0 0.436561 0.427271 0.026429 0.008425
0 0.403940 0.469577 0.022629 0.007805
0 0.301389 0.569881 0.141799 0.100184
0 0.302758 0.416184 0.052573 0.073475
0 0.330766 0.392910 0.018522 0.011937
0 0.331321 0.397029 0.019137 0.018879
0 0.343975 0.394947 0.015794 0.024338
0 0.334967 0.394252 0.012586 0.025727
0 0.334836 0.399944 0.018767 0.024521
0 0.354395 0.382130 0.016422 0.022396
0 0.319173 0.388423 0.007897 0.020729
0 0.350637 0.413037 0.032325 0.004442
0 0.312697 0.429187 0.007278 0.023041
0 0.308687 0.405403 0.009623 0.025077
0 0.288629 0.420396 0.027774 0.021376
0 0.292831 0.423125 0.027513 0.006478
0 0.265928 0.424467 0.038138 0.022485
0 0.251682 0.423449 0.011597 0.043028
0 0.263403 0.416044 0.007156 0.023963
0 0.235822 0.439411 0.027034 0.017398
0 0.231688 0.430296 0.006677 0.020821
0 0.173519 0.421690 0.022083 0.016193
0 0.190354 0.444547 0.040483 0.012865
0 0.217938 0.434322 0.028502 0.033127
0 0.261485 0.451395 0.027526 0.012309
0 0.296465 0.448712 0.015807 0.014343
0 0.310723 0.457272 0.007278 0.016840
0 0.249646 0.491510 0.076376 0.019618
0 0.267161 0.483553 0.010499 0.020915
0 0.266427 0.483368 0.022087 0.005367
0 0.267846 0.473558 0.012834 0.017582
0 0.297143 0.506178 0.023333 0.007312
0 0.415661 0.492215 0.026779 0.012158
0 0.378609 0.477339 0.031353 0.013755
0 0.333714 0.493414 0.026019 0.026714
0 0.338940 0.513490 0.018767 0.026875
0 0.340539 0.528286 0.015146 0.018874
0 0.352905 0.523927 0.014514 0.025995
0 0.382550 0.525007 0.026455 0.008958
0 0.328810 0.543682 0.022183 0.031114
0 0.345919 0.555959 0.031257 0.013276
0 0.369859 0.537883 0.034137 0.015677
0 0.391453 0.562796 0.029124 0.071580
0 0.387988 0.546200 0.040321 0.038070
0 0.376210 0.548760 0.009491 0.026394
0 0.384793 0.572274 0.020261 0.015516
0 0.373862 0.583151 0.007784 0.016634
0 0.373704 0.617623 0.030284 0.019516
0 0.377275 0.617542 0.013757 0.015997
0 0.522422 0.493140 0.030228 0.013998
0 0.504079 0.508130 0.027272 0.020689
0 0.490212 0.519218 0.028247 0.016600
0 0.535215 0.521137 0.015212 0.016724
0 0.546620 0.519466 0.028082 0.017096
0 0.520771 0.532225 0.045754 0.019573
0 0.529770 0.533155 0.036339 0.008547
0 0.580893 0.522934 0.032540 0.044102
0 0.562477 0.537862 0.014206 0.013750
0 0.583123 0.538605 0.014864 0.014497
0 0.598074 0.539410 0.016022 0.025521
0 0.576516 0.500759 0.034355 0.009167
0 0.601541 0.490477 0.030886 0.017592
0 0.640688 0.512777 0.053684 0.056739
0 0.668525 0.526499 0.011475 0.015270
0 0.736028 0.503088 0.048737 0.011567
0 0.728619 0.536401 0.030982 0.008051
0 0.742685 0.562034 0.021852 0.021007
0 0.697593 0.581205 0.023439 0.010283
0 0.698674 0.658242 0.039802 0.029688
0 0.639745 0.707910 0.021005 0.006302
0 0.631574 0.666202 0.029431 0.011773
0 0.645848 0.641243 0.032728 0.014593
0 0.612989 0.604258 0.018353 0.011939
0 0.573628 0.589167 0.015701 0.019901
0 0.534178 0.601771 0.022113 0.011607
0 0.472264 0.554671 0.008403 0.021560
0 0.442411 0.577971 0.020344 0.008790
0 0.435446 0.607243 0.022335 0.010613
0 0.438763 0.615619 0.028968 0.007463
0 0.435556 0.628472 0.019458 0.014926
0 0.519474 0.638173 0.066118 0.033336
0 0.511181 0.643315 0.019901 0.010449
0 0.559585 0.702025 0.028747 0.022388
0 0.544549 0.685605 0.015479 0.023715
0 0.501883 0.733368 0.021253 0.006136
0 0.488395 0.698043 0.020810 0.014097
0 0.470152 0.694478 0.032970 0.013266
0 0.417181 0.673748 0.067662 0.020233
0 0.337045 0.707082 0.016584 0.004313
0 0.358715 0.695971 0.022774 0.007959
0 0.353186 0.646384 0.023218 0.010615
0 0.359600 0.629051 0.022778 0.017746
0 0.325656 0.621091 0.021670 0.023383
0 0.319122 0.627145 0.021028 0.009618
0 0.285622 0.637842 0.011964 0.022059
0 0.275460 0.616613 0.016362 0.027364
0 0.225154 0.626068 0.027642 0.024710
0 0.222943 0.623994 0.015258 0.016585
0 0.235866 0.596465 0.021250 0.013931
0 0.233337 0.589415 0.014815 0.016086
0 0.262414 0.573743 0.029187 0.005308
0 0.199061 0.572914 0.027639 0.020898
0 0.162244 0.582201 0.029190 0.009621
0 0.131275 0.546213 0.019038 0.063021
0 0.125536 0.527390 0.023882 0.028361
0 0.220931 0.484684 0.012159 0.018906
0 0.232429 0.494469 0.019236 0.022887
0 0.225797 0.508234 0.015258 0.016915
0 0.225906 0.523160 0.022996 0.025208
0 0.228117 0.534769 0.028747 0.015590
0 0.195390 0.532117 0.013267 0.018574
0 0.208548 0.523658 0.012606 0.015923
0 0.090575 0.466605 0.016806 0.009945
0 0.139998 0.498781 0.031181 0.014928
0 0.168745 0.505996 0.008185 0.021064
0 0.165982 0.480786 0.010172 0.026701
0 0.162664 0.477801 0.015923 0.013435
