0 0.784258 0.534645 0.011895 0.009082
0 0.326855 0.589874 0.014967 0.008046
0 0.335942 0.595051 0.010622 0.011074
0 0.334231 0.608274 0.012106 0.007887
0 0.228178 0.603655 0.015403 0.008524
0 0.234922 0.595649 0.016359 0.012269
0 0.203323 0.584456 0.009451 0.005975
0 0.248269 0.687350 0.018059 0.005122
0 0.267750 0.696435 0.012133 0.011729
0 0.298143 0.689993 0.017860 0.008423
0 0.314993 0.685863 0.013677 0.006443
0 0.314110 0.678513 0.012354 0.009581
0 0.337469 0.669180 0.015856 0.017344
0 0.355198 0.664555 0.016078 0.010737
0 0.378758 0.651341 0.009038 0.008425
0 0.335255 0.654809 0.011032 0.007103
0 0.317305 0.653239 0.017864 0.013874
0 0.204439 0.636390 0.010572 0.008921
0 0.298309 0.625670 0.016518 0.011066
0 0.298390 0.612178 0.016263 0.013145
0 0.286920 0.605925 0.007338 0.010833
0 0.280286 0.609431 0.019759 0.015454
0 0.278373 0.591267 0.016356 0.008601
0 0.273323 0.593857 0.010741 0.012187
0 0.296000 0.586128 0.011696 0.009162
0 0.306569 0.579557 0.013714 0.005097
0 0.305873 0.572547 0.011257 0.010675
0 0.219150 0.577406 0.011362 0.006691
0 0.217770 0.577886 0.018376 0.010037
0 0.220584 0.558885 0.014229 0.009640
0 0.214317 0.553269 0.012748 0.011949
0 0.254041 0.541121 0.017209 0.007728
0 0.173472 0.521432 0.010833 0.009293
0 0.197111 0.515962 0.004130 0.012951
0 0.225202 0.525119 0.011475 0.008681
0 0.233280 0.513415 0.021389 0.015565
0 0.280332 0.529245 0.016286 0.015300
0 0.332649 0.565830 0.009709 0.019125
0 0.354530 0.577855 0.010694 0.007391
0 0.351404 0.618640 0.014640 0.005553
0 0.371475 0.630671 0.012665 0.014561
0 0.397469 0.595134 0.010367 0.007158
0 0.417047 0.616974 0.010694 0.008884
0 0.400430 0.639493 0.018922 0.007031
0 0.389243 0.572800 0.019246 0.009871
0 0.385706 0.568853 0.021386 0.009377
0 0.373778 0.563176 0.017272 0.006416
0 0.397305 0.555712 0.020893 0.009008
0 0.330757 0.527753 0.016124 0.008884
0 0.307642 0.510972 0.009709 0.009871
0 0.231882 0.493093 0.009213 0.010610
0 0.258204 0.489329 0.008228 0.011724
0 0.273423 0.469525 0.008062 0.013574
0 0.282141 0.474523 0.014970 0.011476
0 0.296291 0.458049 0.011353 0.008638
0 0.294562 0.457433 0.016782 0.026404
0 0.298758 0.441700 0.011683 0.006292
0 0.337584 0.475078 0.016948 0.017522
0 0.333307 0.483160 0.038664 0.017396
0 0.265937 0.423563 0.028297 0.009501
0 0.311096 0.389323 0.011022 0.009871
0 0.310274 0.376367 0.019577 0.010610
0 0.352803 0.398885 0.013819 0.008018
0 0.358148 0.413569 0.009048 0.007034
0 0.380078 0.405893 0.009137 0.007564
0 0.391306 0.447651 0.019034 0.004568
0 0.385637 0.491920 0.019540 0.007381
0 0.384899 0.492607 0.021260 0.017788
0 0.371374 0.499704 0.011438 0.009308
0 0.392763 0.507123 0.014871 0.008294
0 0.433180 0.481799 0.004673 0.010355
0 0.423462 0.482675 0.019649 0.012428
0 0.355089 0.757181 0.016779 0.006416
0 0.366605 0.721151 0.011187 0.009132
0 0.392343 0.720410 0.016961 0.010613
0 0.402717 0.750949 0.011022 0.006540
0 0.386348 0.694932 0.008555 0.007527
0 0.402059 0.698016 0.011683 0.008512
0 0.453485 0.667710 0.013763 0.009492
0 0.463930 0.677248 0.030724 0.010875
0 0.509276 0.689599 0.007619 0.007006
0 0.515666 0.722550 0.012781 0.016682
0 0.510875 0.737573 0.016961 0.018157
0 0.499077 0.760523 0.013763 0.011151
0 0.517265 0.782829 0.020152 0.022398
0 0.545101 0.772734 0.019296 0.015300
0 0.495651 0.815499 0.009742 0.011840
0 0.481515 0.821007 0.022593 0.010878
0 0.527877 0.825723 0.010099 0.010533
0 0.553760 0.825239 0.013413 0.005990
0 0.612278 0.822521 0.015820 0.009566
0 0.658057 0.802250 0.011062 0.008993
0 0.658638 0.773554 0.007612 0.015561
0 0.602318 0.740863 0.023618 0.013651
0 0.638151 0.741610 0.012811 0.008745
0 0.539952 0.663967 0.022735 0.012994
0 0.559921 0.637238 0.019173 0.018524
0 0.516539 0.633597 0.013271 0.009953
0 0.515865 0.625165 0.024454 0.010231
0 0.552214 0.618591 0.015301 0.008760
0 0.555175 0.617418 0.013327 0.010610
0 0.533130 0.606561 0.015632 0.012339
0 0.570559 0.598786 0.015794 0.007403
0 0.446265 0.607116 0.010367 0.007282
0 0.418216 0.594716 0.015136 0.009377
0 0.445114 0.598232 0.042940 0.015179
0 0.495620 0.576453 0.022212 0.013080
0 0.508699 0.584844 0.009871 0.008145
0 0.519393 0.568927 0.008886 0.014065
0 0.530498 0.574356 0.008390 0.010365
0 0.530250 0.582624 0.012503 0.007897
0 0.546045 0.574850 0.024676 0.017274
0 0.416898 0.563436 0.014147 0.015176
0 0.436065 0.563868 0.035040 0.019000
0 0.439026 0.539437 0.010691 0.006910
0 0.490519 0.529936 0.020893 0.011597
0 0.505984 0.504456 0.010036 0.008514
0 0.484679 0.504826 0.007566 0.008021
0 0.445441 0.509373 0.015301 0.006255
0 0.462750 0.499814 0.042027 0.026270
0 0.491076 0.479860 0.013151 0.007374
0 0.447450 0.467001 0.018313 0.004147
0 0.461951 0.470596 0.011673 0.012810
0 0.460231 0.475252 0.024458 0.017879
0 0.380913 0.339717 0.006481 0.011553
0 0.434349 0.394281 0.018188 0.009772
0 0.452907 0.412253 0.012778 0.007190
0 0.474044 0.413637 0.014008 0.007374
0 0.474044 0.418936 0.010324 0.012073
0 0.479697 0.429167 0.018925 0.013180
0 0.469436 0.444927 0.013151 0.011520
0 0.484797 0.453085 0.016346 0.007743
0 0.501695 0.454974 0.009342 0.006912
0 0.505321 0.456219 0.013148 0.006451
0 0.512447 0.447463 0.007989 0.010139
0 0.520928 0.471610 0.013641 0.018065
0 0.542988 0.346171 0.011161 0.013224
0 0.564815 0.380624 0.020615 0.011550
0 0.576763 0.385960 0.007976 0.007088
0 0.568424 0.416347 0.009461 0.007282
0 0.599456 0.407221 0.010076 0.009308
0 0.580038 0.433259 0.010321 0.009583
0 0.617521 0.413718 0.014256 0.011057
0 0.591100 0.434089 0.009831 0.009769
0 0.599086 0.443812 0.008112 0.010417
0 0.605415 0.437130 0.010936 0.009400
0 0.605170 0.440125 0.010446 0.008018
0 0.592819 0.441784 0.017450 0.012076
0 0.587841 0.455241 0.014378 0.005069
0 0.584277 0.454596 0.007741 0.010784
0 0.611190 0.461832 0.012903 0.011615
0 0.545506 0.470495 0.018188 0.011059
0 0.546981 0.478007 0.034411 0.026267
0 0.537702 0.481648 0.015364 0.007190
0 0.563140 0.503031 0.007497 0.013274
0 0.536903 0.532023 0.008356 0.007825
0 0.588150 0.495201 0.019170 0.022128
0 0.619056 0.514737 0.030109 0.020278
0 0.598902 0.538101 0.019292 0.008202
0 0.615554 0.543447 0.013515 0.012257
0 0.615800 0.552665 0.012044 0.017051
0 0.591566 0.632316 0.022199 0.018800
0 0.621943 0.644738 0.015188 0.011798
0 0.635165 0.593880 0.008499 0.005975
0 0.658113 0.664084 0.016286 0.022334
0 0.664112 0.695179 0.020718 0.011721
0 0.749358 0.768699 0.021382 0.011798
0 0.714519 0.726992 0.014130 0.021106
0 0.715127 0.719435 0.007265 0.018894
0 0.707822 0.712336 0.015731 0.008571
0 0.711877 0.710817 0.017695 0.015300
0 0.713598 0.684918 0.014008 0.007927
0 0.720167 0.690170 0.012424 0.007557
0 0.708927 0.695608 0.017450 0.019355
0 0.765820 0.709111 0.013532 0.006912
0 0.767725 0.710816 0.015622 0.007004
0 0.796610 0.729019 0.014134 0.007835
0 0.791690 0.733813 0.025205 0.011520
0 0.824385 0.720172 0.012659 0.008941
0 0.816212 0.712290 0.010321 0.007557
0 0.894062 0.682474 0.006022 0.011153
0 0.867950 0.679664 0.015238 0.007374
0 0.859777 0.673166 0.009706 0.009308
0 0.834522 0.687452 0.011306 0.008202
0 0.794215 0.675055 0.007371 0.011429
0 0.790159 0.678511 0.017202 0.007835
0 0.739734 0.665512 0.013687 0.013495
0 0.736020 0.662173 0.012854 0.006126
0 0.728671 0.665959 0.026997 0.017006
0 0.725326 0.646372 0.013125 0.006885
0 0.708142 0.628555 0.010813 0.013733
0 0.668477 0.599015 0.011075 0.009494
0 0.707932 0.584314 0.010321 0.011798
0 0.632371 0.492624 0.018056 0.010595
0 0.649101 0.493978 0.021984 0.021111
0 0.685266 0.499076 0.018905 0.019516
0 0.677725 0.520745 0.009987 0.007408
0 0.701144 0.508755 0.017738 0.015933
0 0.688560 0.543487 0.015294 0.012426
0 0.718138 0.537910 0.014339 0.016729
0 0.727221 0.526758 0.012106 0.006850
0 0.718565 0.520985 0.010728 0.008046
0 0.739701 0.514332 0.008390 0.006530
0 0.762164 0.516483 0.009560 0.007966
0 0.764659 0.516323 0.019861 0.013063
0 0.769387 0.505410 0.008495 0.010355
0 0.786275 0.498600 0.011895 0.008842
0 0.778256 0.493142 0.014554 0.005099
0 0.770608 0.481592 0.020714 0.014499
0 0.771725 0.482507 0.025916 0.011870
0 0.769547 0.470041 0.012427 0.008286
0 0.734813 0.489120 0.009666 0.017763
0 0.723927 0.489397 0.025493 0.008125
0 0.636098 0.429175 0.011660 0.013286
0 0.671670 0.435407 0.009365 0.007574
0 0.673965 0.417437 0.009180 0.006198
0 0.650969 0.399571 0.019372 0.013289
0 0.632088 0.377070 0.025499 0.015176
0 0.638849 0.351652 0.009709 0.020114
0 0.658171 0.351838 0.012487 0.011845
0 0.687455 0.373430 0.025023 0.022703
0 0.618302 0.302901 0.012669 0.009253
0 0.291700 0.339178 0.012176 0.008142
0 0.735637 0.359302 0.015136 0.021471
0 0.799550 0.418454 0.020893 0.016411
0 0.835744 0.418948 0.017606 0.010486
0 0.853677 0.419009 0.013327 0.010365
0 0.877368 0.404141 0.007077 0.010489
0 0.915498 0.433028 0.009831 0.008294
0 0.931964 0.486256 0.007864 0.012626
0 0.942839 0.486027 0.015360 0.015853
0 0.954392 0.519252 0.012659 0.010970
0 0.920595 0.502985 0.007004 0.016039
0 0.913652 0.511003 0.018436 0.006267
0 0.893254 0.483584 0.013763 0.008755
0 0.896632 0.493769 0.018065 0.008480
0 0.900074 0.514275 0.008972 0.013549
0 0.907816 0.548702 0.027159 0.011982
0 0.886310 0.525842 0.021997 0.025439
0 0.823485 0.473087 0.009365 0.015905
0 0.843957 0.482175 0.015790 0.009985
0 0.842993 0.476977 0.008353 0.008398
0 0.852401 0.472777 0.012116 0.009363
0 0.839550 0.499971 0.010648 0.007711
0 0.851622 0.512571 0.032589 0.011704
0 0.810587 0.526789 0.027999 0.008192
0 0.822798 0.537805 0.012943 0.009707
0 0.768838 0.569563 0.008813 0.012599
0 0.766042 0.577241 0.017725 0.004407
0 0.744421 0.581894 0.016713 0.010270
0 0.767148 0.597103 0.012027 0.008467
0 0.909221 0.666928 0.016472 0.011947
0 0.896529 0.663821 0.020188 0.011312
0 0.863975 0.656931 0.032619 0.005176
0 0.883046 0.649085 0.024854 0.015134
0 0.844808 0.635502 0.012745 0.010117
0 0.858776 0.628612 0.005840 0.012904
0 0.852184 0.624031 0.024547 0.008524
0 0.851925 0.626621 0.024643 0.012904
0 0.847943 0.625505 0.046627 0.027086
0 0.902960 0.605511 0.008604 0.008284
0 0.882887 0.604953 0.021772 0.013383
0 0.858457 0.597903 0.011154 0.007250
0 0.900731 0.585516 0.012639 0.007808
0 0.909972 0.584201 0.007966 0.011553
0 0.924410 0.595115 0.014137 0.007250
0 0.927336 0.629050 0.014659 0.003904
0 0.926911 0.636338 0.017421 0.007170
0 0.961250 0.558217 0.007328 0.009717
