0 0.269015 0.425197 0.033142 0.010236
0 0.916700 0.526581 0.021733 0.019090
0 0.678639 0.554374 0.025228 0.012914
0 0.632111 0.536687 0.027450 0.018715
0 0.591437 0.544360 0.026452 0.019464
0 0.597538 0.555403 0.021233 0.009358
0 0.613146 0.596576 0.032940 0.020588
0 0.618375 0.670429 0.019990 0.016657
0 0.561491 0.780175 0.021958 0.010856
0 0.348510 0.795897 0.019216 0.021709
0 0.416746 0.756688 0.012004 0.014412
0 0.394051 0.734043 0.023459 0.011791
0 0.436222 0.716450 0.012477 0.023767
0 0.272525 0.688563 0.019964 0.012165
0 0.291989 0.646079 0.020962 0.013289
0 0.459555 0.678363 0.035685 0.010481
0 0.505833 0.653940 0.030470 0.013663
0 0.476399 0.666479 0.015470 0.009169
0 0.429722 0.658806 0.018988 0.006550
0 0.532545 0.612204 0.015473 0.012165
0 0.402037 0.621094 0.009484 0.026200
0 0.401662 0.616882 0.026200 0.007674
0 0.322920 0.623247 0.032467 0.024891
0 0.274770 0.589464 0.020962 0.016468
0 0.274521 0.583570 0.013975 0.016282
0 0.318690 0.592179 0.015972 0.012914
0 0.341273 0.601442 0.014226 0.005241
0 0.357244 0.601536 0.029196 0.020399
0 0.366601 0.603408 0.036931 0.020402
0 0.388436 0.581323 0.024702 0.014035
0 0.394301 0.594153 0.008985 0.009750
0 0.401786 0.593114 0.013975 0.009169
0 0.420003 0.556638 0.026951 0.024516
0 0.448064 0.552408 0.021736 0.006736
0 0.353001 0.568783 0.016220 0.010667
0 0.485121 0.537343 0.039950 0.021148
0 0.459292 0.541928 0.023730 0.022458
0 0.453927 0.526114 0.022483 0.015159
0 0.538274 0.533131 0.015496 0.010856
0 0.511834 0.541272 0.007483 0.023393
0 0.550513 0.500773 0.014471 0.010107
0 0.608019 0.493192 0.012751 0.014038
0 0.640957 0.482432 0.031716 0.028073
0 0.634740 0.494174 0.033171 0.031344
0 0.619883 0.505012 0.013237 0.007039
0 0.709195 0.452468 0.015969 0.009544
0 0.751230 0.413072 0.034709 0.032190
0 0.697330 0.386403 0.015744 0.010667
0 0.713436 0.401936 0.022956 0.035747
0 0.672500 0.385466 0.037454 0.012540
0 0.666511 0.428699 0.009008 0.018529
0 0.585673 0.464913 0.021458 0.010853
0 0.576053 0.485594 0.015248 0.017403
0 0.538996 0.465942 0.009507 0.014410
0 0.532804 0.471489 0.007394 0.007879
0 0.531873 0.457215 0.017993 0.012401
0 0.515069 0.455694 0.013532 0.008581
0 0.532082 0.445553 0.028601 0.019970
0 0.487826 0.503199 0.016432 0.010764
0 0.481688 0.473123 0.018515 0.012237
0 0.458444 0.484674 0.007384 0.016927
0 0.454074 0.499183 0.019034 0.012716
0 0.441485 0.484360 0.019669 0.009127
0 0.435250 0.454172 0.013416 0.011935
0 0.425265 0.443290 0.015291 0.015290
0 0.412472 0.448595 0.016121 0.009829
0 0.448302 0.422385 0.015810 0.009829
0 0.483353 0.406238 0.018724 0.017163
0 0.438682 0.399645 0.014666 0.014276
0 0.415703 0.395122 0.029243 0.020050
0 0.535980 0.379247 0.015394 0.011699
0 0.550646 0.354986 0.021009 0.016381
0 0.645083 0.339737 0.017275 0.011935
0 0.621992 0.334628 0.017483 0.008581
0 0.683717 0.359670 0.016792 0.020689
0 0.715033 0.339819 0.012692 0.010625
0 0.741128 0.324162 0.013439 0.010625
0 0.727801 0.348276 0.018843 0.016076
0 0.720625 0.365262 0.016052 0.009506
0 0.537047 0.337372 0.012388 0.014665
0 0.517239 0.339635 0.026627 0.017629
0 0.511217 0.320790 0.013935 0.019814
0 0.504301 0.354839 0.014871 0.009593
0 0.507209 0.358310 0.010099 0.009050
0 0.467996 0.362211 0.016964 0.010766
0 0.356978 0.539373 0.018664 0.013537
0 0.384603 0.514552 0.026475 0.020037
0 0.357158 0.531295 0.036333 0.027346
0 0.335498 0.516492 0.012285 0.010017
0 0.335918 0.554219 0.026128 0.023919
0 0.203862 0.656146 0.017560 0.009206
0 0.217535 0.631818 0.032940 0.012411
0 0.170063 0.568068 0.020919 0.009866
0 0.137388 0.542511 0.012077 0.013425
0 0.237136 0.563134 0.035589 0.012617
0 0.285122 0.533695 0.015529 0.013586
0 0.283829 0.526254 0.036667 0.022969
0 0.245650 0.519570 0.015658 0.015072
0 0.218099 0.529995 0.018049 0.020218
0 0.228442 0.530942 0.032745 0.018323
0 0.225980 0.541457 0.033337 0.022746
0 0.329775 0.493622 0.024067 0.016788
0 0.280013 0.479813 0.025873 0.021843
0 0.162080 0.491863 0.023228 0.019405
0 0.193909 0.468034 0.033697 0.028971
0 0.238676 0.452961 0.012517 0.025362
0 0.097207 0.502525 0.032351 0.011647
0 0.078553 0.487483 0.013588 0.010030
0 0.090737 0.468395 0.036667 0.016176
0 0.126647 0.472357 0.016607 0.017954
0 0.349982 0.460443 0.015175 0.030806
0 0.368709 0.439086 0.016987 0.015037
0 0.322755 0.427808 0.018115 0.013368
0 0.298039 0.426345 0.016025 0.009606
0 0.269780 0.416634 0.014897 0.010233
0 0.276806 0.426555 0.023128 0.019216
0 0.026025 0.372183 0.035225 0.010179
0 0.144403 0.394488 0.029448 0.022304
0 0.154076 0.360273 0.023390 0.014509
0 0.210810 0.367533 0.013856 0.014735
0 0.214853 0.382144 0.025407 0.021004
0 0.338859 0.357783 0.027427 0.009097
0 0.383793 0.367008 0.029114 0.015851
0 0.382393 0.333766 0.028899 0.014720
0 0.456698 0.298196 0.015248 0.018529
0 0.434863 0.278544 0.011505 0.011042
0 0.552533 0.282568 0.011726 0.012354
0 0.536303 0.265444 0.025728 0.022272
0 0.485271 0.235966 0.035959 0.008609
0 0.406404 0.248038 0.016472 0.013661
0 0.392690 0.241581 0.016994 0.009358
0 0.379466 0.254308 0.016994 0.013100
0 0.182318 0.233320 0.020483 0.016292
0 0.215109 0.214470 0.023962 0.026421
0 0.168889 0.205228 0.013089 0.009400
0 0.151414 0.161680 0.013509 0.010861
0 0.219292 0.176979 0.016984 0.013472
0 0.260772 0.157870 0.012252 0.013472
0 0.256943 0.175205 0.024368 0.014725
0 0.295303 0.172123 0.018661 0.021930
0 0.325936 0.146905 0.013922 0.010337
0 0.345367 0.177763 0.023267 0.017753
0 0.383998 0.167946 0.019491 0.009400
0 0.381630 0.180427 0.037593 0.014306
0 0.410746 0.187423 0.012530 0.015352
0 0.436080 0.175205 0.021458 0.005742
0 0.422373 0.175675 0.014342 0.009608
0 0.426265 0.180113 0.016584 0.007830
0 0.424459 0.186169 0.014620 0.009501
0 0.465327 0.168938 0.015873 0.013889
0 0.482864 0.187944 0.005860 0.023705
0 0.520451 0.184865 0.013925 0.020677
0 0.505552 0.187736 0.034253 0.023497
0 0.578444 0.192436 0.024091 0.013889
0 0.737930 0.250568 0.015304 0.010754
0 0.754926 0.194312 0.013211 0.011600
0 0.670104 0.213946 0.021749 0.018244
0 0.660116 0.211166 0.021746 0.019211
0 0.695630 0.172331 0.022569 0.007733
0 0.695470 0.153967 0.024180 0.004834
0 0.609046 0.143757 0.007569 0.011478
0 0.625711 0.174508 0.022249 0.013291
0 0.865835 0.236564 0.007583 0.013628
0 0.806567 0.233359 0.023347 0.019313
0 0.495749 0.111372 0.019626 0.011969
0 0.479251 0.097217 0.022001 0.016984
0 0.291399 0.122613 0.017255 0.007924
