0 0.383844 0.127571 0.019739 0.006228
0 0.335342 0.153745 0.011062 0.008755
0 0.269641 0.162409 0.019256 0.007309
0 0.333757 0.207211 0.020919 0.021352
0 0.294291 0.220231 0.009706 0.007927
0 0.387999 0.194189 0.018115 0.026042
0 0.434153 0.187800 0.019411 0.009707
0 0.455395 0.196535 0.019626 0.008413
0 0.473514 0.200417 0.020923 0.011647
0 0.592242 0.231959 0.025450 0.014881
0 0.565605 0.249024 0.017903 0.013425
0 0.579732 0.264957 0.018115 0.012939
0 0.578223 0.278950 0.028469 0.020543
0 0.565066 0.294477 0.017255 0.011161
0 0.551156 0.308792 0.010136 0.008413
0 0.538646 0.291889 0.007979 0.021838
0 0.497345 0.290594 0.025880 0.008896
0 0.524735 0.290515 0.034940 0.018118
0 0.496591 0.258405 0.009272 0.015367
0 0.448710 0.240128 0.022216 0.008251
0 0.423155 0.216349 0.015529 0.008249
0 0.380018 0.213357 0.030195 0.006148
0 0.387890 0.217968 0.017037 0.008896
0 0.419271 0.230908 0.028039 0.016012
0 0.460572 0.268031 0.020489 0.017793
0 0.431673 0.257031 0.022646 0.014881
0 0.403312 0.254363 0.045724 0.020218
0 0.382607 0.253958 0.014236 0.009058
0 0.386164 0.285501 0.012725 0.008735
0 0.333003 0.230260 0.015099 0.023130
0 0.332464 0.245384 0.012725 0.011324
0 0.306043 0.240936 0.022860 0.016659
0 0.346267 0.265118 0.011865 0.009382
0 0.335160 0.275146 0.072034 0.047232
0 0.347128 0.306204 0.011862 0.010677
0 0.388214 0.318740 0.015959 0.013100
0 0.449034 0.327475 0.020271 0.012778
0 0.457660 0.340254 0.020704 0.021838
0 0.353061 0.314050 0.014236 0.009544
0 0.342277 0.329659 0.028039 0.019735
0 0.539401 0.326261 0.009921 0.009705
0 0.223380 0.260042 0.011601 0.012445
0 0.231356 0.262641 0.038505 0.026820
0 0.245210 0.277072 0.027550 0.005692
0 0.268409 0.299913 0.024325 0.044102
0 0.253588 0.303841 0.007573 0.012324
0 0.226602 0.292665 0.009342 0.009303
0 0.236349 0.294537 0.006283 0.013291
0 0.220400 0.302815 0.031415 0.020903
0 0.238927 0.295625 0.030129 0.012808
0 0.224509 0.294356 0.044144 0.027185
0 0.235222 0.291517 0.035602 0.049779
0 0.238444 0.319669 0.038185 0.040598
0 0.226038 0.313628 0.012083 0.011840
0 0.240217 0.338459 0.017239 0.013896
0 0.187212 0.311628 0.008862 0.005910
0 0.185360 0.316347 0.022877 0.013656
0 0.214922 0.337310 0.011763 0.011357
0 0.254064 0.338579 0.060430 0.020660
0 0.194785 0.345708 0.031739 0.017279
0 0.268722 0.350541 0.015321 0.009306
0 0.271147 0.356159 0.023360 0.010389
0 0.272034 0.362443 0.016435 0.010392
0 0.260676 0.361415 0.021749 0.010995
0 0.257293 0.376700 0.014983 0.013048
0 0.257212 0.378209 0.021263 0.011478
0 0.275177 0.377969 0.015949 0.014380
0 0.269054 0.388783 0.023360 0.010632
0 0.132599 0.364074 0.029802 0.010027
0 0.182464 0.382499 0.029649 0.014015
0 0.141541 0.378936 0.011276 0.011478
0 0.127928 0.385339 0.021749 0.014621
0 0.099977 0.405759 0.010311 0.014861
0 0.138801 0.408900 0.012887 0.008822
0 0.132197 0.420140 0.014501 0.010761
0 0.072427 0.428837 0.010311 0.018968
0 0.204130 0.405517 0.010794 0.013172
0 0.205651 0.415486 0.014835 0.021265
0 0.186157 0.425454 0.012903 0.007128
0 0.179157 0.414761 0.008538 0.021024
0 0.162483 0.440135 0.019008 0.012324
0 0.174155 0.448230 0.008879 0.009908
0 0.079676 0.444423 0.011601 0.010027
0 0.064856 0.500487 0.014177 0.010513
0 0.107065 0.497648 0.005155 0.009908
0 0.173108 0.460554 0.025794 0.017884
0 0.191232 0.474329 0.010486 0.012567
0 0.195509 0.470583 0.017077 0.013532
0 0.177629 0.502361 0.014821 0.012083
0 0.138720 0.550873 0.047526 0.022351
0 0.169813 0.526405 0.012728 0.008941
0 0.179319 0.532688 0.014980 0.016915
0 0.185602 0.534984 0.025939 0.021267
0 0.194704 0.533595 0.013211 0.014621
0 0.215809 0.506468 0.023522 0.018125
0 0.205980 0.519639 0.014177 0.023197
0 0.235141 0.521029 0.034798 0.005680
0 0.174163 0.583073 0.021429 0.011840
0 0.174405 0.614308 0.019656 0.012445
0 0.240618 0.576730 0.012890 0.009060
0 0.247869 0.562894 0.026101 0.016190
0 0.300147 0.541267 0.012404 0.012083
0 0.315208 0.534683 0.044464 0.007371
0 0.296673 0.600291 0.019993 0.012686
0 0.275498 0.605789 0.014659 0.010149
0 0.263175 0.606333 0.019332 0.012205
0 0.278477 0.597875 0.037054 0.019454
0 0.254957 0.613099 0.012890 0.009789
0 0.301589 0.614670 0.018866 0.015104
0 0.251414 0.624940 0.015466 0.011478
0 0.280574 0.629712 0.017722 0.016434
0 0.289514 0.644937 0.022718 0.016674
0 0.286212 0.673090 0.010632 0.010392
0 0.268247 0.659618 0.019815 0.015585
0 0.253829 0.650435 0.025456 0.012686
0 0.222093 0.654542 0.027388 0.019695
0 0.216695 0.644816 0.008859 0.005799
0 0.203434 0.436099 0.014759 0.011905
0 0.228636 0.443305 0.008912 0.012116
0 0.230020 0.460379 0.010317 0.007832
0 0.244927 0.452129 0.018102 0.015350
0 0.253490 0.440434 0.012113 0.015561
0 0.268729 0.455157 0.011432 0.014100
0 0.278343 0.459700 0.015873 0.013368
0 0.275212 0.475469 0.013228 0.012113
0 0.273469 0.495520 0.010304 0.009606
0 0.320875 0.482937 0.009342 0.008041
0 0.328601 0.483614 0.013102 0.011905
0 0.271174 0.418033 0.010721 0.009608
0 0.370311 0.485233 0.016567 0.014306
0 0.339879 0.491656 0.011432 0.016292
0 0.343084 0.504866 0.016723 0.012634
0 0.329020 0.510609 0.013105 0.021198
0 0.315799 0.524864 0.013370 0.009400
0 0.320602 0.521731 0.013505 0.019216
0 0.362583 0.522827 0.011138 0.009712
0 0.369474 0.536926 0.041634 0.010756
0 0.394955 0.551179 0.016293 0.016917
0 0.417994 0.570030 0.019507 0.011801
0 0.382348 0.575094 0.021455 0.004177
0 0.397872 0.587731 0.009342 0.011280
0 0.393355 0.605170 0.028125 0.011486
0 0.341000 0.602820 0.011141 0.006577
0 0.364044 0.617909 0.018519 0.023601
0 0.389734 0.658533 0.011141 0.008356
0 0.391538 0.656653 0.018671 0.012116
0 0.388132 0.670699 0.013228 0.017649
0 0.411108 0.681716 0.031329 0.011696
0 0.387158 0.692211 0.041353 0.024541
0 0.420992 0.699365 0.012950 0.012113
0 0.417366 0.743069 0.012682 0.012845
0 0.463462 0.727822 0.020747 0.027674
0 0.433657 0.638220 0.039974 0.028509
0 0.460398 0.605796 0.013786 0.010650
0 0.481632 0.574730 0.014759 0.019945
0 0.504251 0.628818 0.009897 0.023068
0 0.492075 0.672370 0.017821 0.034358
0 0.500777 0.670020 0.012950 0.011905
0 0.532454 0.670751 0.016429 0.008353
0 0.535934 0.696179 0.014481 0.012636
0 0.500638 0.664746 0.021303 0.016813
0 0.509482 0.667980 0.028952 0.018058
0 0.564130 0.734296 0.015734 0.011801
0 0.577568 0.721713 0.014759 0.024437
0 0.622750 0.735759 0.011280 0.013681
0 0.592877 0.699469 0.013657 0.013576
0 0.578327 0.693779 0.021038 0.014725
0 0.585845 0.674198 0.011849 0.020469
0 0.610984 0.656549 0.009745 0.013157
0 0.631245 0.664799 0.019633 0.021513
0 0.653938 0.666731 0.007937 0.010337
0 0.667793 0.663389 0.006683 0.019948
0 0.568656 0.642400 0.010301 0.014933
0 0.578681 0.629919 0.010582 0.007939
0 0.575200 0.638586 0.023112 0.016081
0 0.579099 0.611853 0.015876 0.013368
0 0.602561 0.625587 0.016849 0.010965
0 0.615230 0.619163 0.009051 0.014829
0 0.626162 0.622036 0.014203 0.013889
0 0.655820 0.607519 0.017824 0.012636
0 0.619965 0.607623 0.016293 0.010756
0 0.621073 0.589975 0.014355 0.009921
0 0.615093 0.593317 0.017963 0.015558
0 0.537257 0.548099 0.014620 0.018276
0 0.591554 0.530451 0.024101 0.022242
0 0.659292 0.545541 0.012546 0.010025
0 0.658388 0.548047 0.014355 0.009397
0 0.521941 0.522671 0.019074 0.009816
0 0.548535 0.510818 0.007659 0.014097
0 0.476200 0.510348 0.028962 0.008564
0 0.441391 0.522357 0.011974 0.011486
0 0.451973 0.515203 0.011974 0.008041
0 0.452523 0.505388 0.013102 0.010340
0 0.444315 0.492649 0.024226 0.009921
0 0.487897 0.486695 0.012811 0.013261
0 0.561905 0.484241 0.016012 0.017545
0 0.429139 0.448839 0.016987 0.009608
0 0.447171 0.442313 0.013786 0.006788
0 0.491796 0.439127 0.025899 0.005640
0 0.496252 0.457090 0.020050 0.012741
0 0.510316 0.460849 0.025341 0.006267
0 0.293242 0.408374 0.011696 0.008668
0 0.299926 0.386913 0.016710 0.007309
0 0.294355 0.391248 0.013089 0.010546
0 0.329089 0.399028 0.012966 0.006265
0 0.321501 0.405763 0.009762 0.005533
0 0.323596 0.412551 0.016987 0.005742
0 0.326172 0.414849 0.021862 0.013889
0 0.352976 0.410410 0.021720 0.008772
0 0.342603 0.369787 0.012672 0.010233
0 0.337102 0.357046 0.024785 0.011488
0 0.399544 0.362320 0.018254 0.010965
0 0.404911 0.379759 0.010304 0.009504
0 0.452401 0.396326 0.016217 0.021669
0 0.513168 0.404156 0.013234 0.009085
0 0.736258 0.641866 0.011974 0.011069
0 0.729079 0.624375 0.006835 0.011592
0 0.724421 0.637742 0.039544 0.031014
0 0.718156 0.608657 0.010023 0.007309
0 0.760694 0.586989 0.013228 0.022450
0 0.770433 0.549133 0.013214 0.010444
0 0.764036 0.524332 0.005989 0.011381
0 0.696706 0.529188 0.008340 0.010236
0 0.720873 0.561926 0.016290 0.009085
0 0.699011 0.550334 0.018519 0.020573
0 0.679233 0.535035 0.031872 0.037178
0 0.635303 0.503655 0.012543 0.010548
0 0.600083 0.496450 0.010582 0.011173
0 0.590613 0.506421 0.022556 0.019633
0 0.673315 0.495614 0.032040 0.041877
0 0.792642 0.488826 0.022295 0.012428
0 0.601189 0.481150 0.015050 0.010652
0 0.602100 0.480941 0.013228 0.025479
0 0.608715 0.460317 0.033694 0.017857
0 0.643370 0.445330 0.019669 0.012083
0 0.619372 0.427568 0.014497 0.019090
0 0.621708 0.414157 0.017239 0.014499
0 0.569673 0.427927 0.015628 0.012798
0 0.583285 0.421829 0.027708 0.024045
0 0.670675 0.414278 0.013710 0.016190
0 0.659962 0.404611 0.027404 0.018606
0 0.542528 0.374616 0.011928 0.007550
0 0.574496 0.381255 0.016591 0.009926
0 0.638758 0.379537 0.013753 0.009373
0 0.643477 0.374178 0.009170 0.008495
0 0.638712 0.372391 0.010427 0.008562
0 0.636764 0.249426 0.015043 0.009928
0 0.632674 0.264723 0.014077 0.012547
0 0.646333 0.266980 0.015642 0.006768
0 0.652885 0.283090 0.040810 0.033393
0 0.715830 0.281647 0.027077 0.031949
0 0.700481 0.294373 0.004825 0.017148
0 0.694228 0.310484 0.023105 0.028249
0 0.651665 0.130497 0.021908 0.016372
0 0.795400 0.259168 0.021435 0.015097
0 0.767812 0.279159 0.016591 0.014261
0 0.774709 0.305022 0.030384 0.022088
0 0.883289 0.342140 0.009322 0.010486
0 0.888041 0.363250 0.013978 0.008807
0 0.728667 0.378558 0.008016 0.015657
0 0.769573 0.390931 0.023505 0.014120
0 0.714119 0.394426 0.026300 0.042081
0 0.763525 0.425252 0.042315 0.021391
0 0.776108 0.436576 0.026098 0.004893
0 0.903606 0.475930 0.016405 0.006151
0 0.884873 0.517450 0.014726 0.013423
0 0.709749 0.526048 0.029451 0.018033
