0 0.373537 0.750331 0.016776 0.008247
0 0.434220 0.728522 0.009861 0.009926
0 0.482021 0.715241 0.024233 0.008249
0 0.412214 0.707133 0.021062 0.013839
0 0.358904 0.661487 0.009878 0.010067
0 0.401683 0.676726 0.014167 0.009787
0 0.415476 0.679864 0.022738 0.006865
0 0.421720 0.663375 0.016217 0.011324
0 0.415484 0.666380 0.019031 0.011183
0 0.314540 0.634715 0.013981 0.010486
0 0.352194 0.615702 0.011743 0.007688
0 0.384906 0.619267 0.014911 0.008946
0 0.453130 0.638560 0.019011 0.015097
0 0.484072 0.669246 0.017523 0.008527
0 0.497307 0.669036 0.010440 0.008668
0 0.483325 0.629334 0.012675 0.007269
0 0.521538 0.651073 0.011184 0.008529
0 0.530952 0.639608 0.013234 0.014400
0 0.530673 0.614723 0.013423 0.012721
0 0.549314 0.624580 0.009692 0.008668
0 0.581095 0.640167 0.016217 0.010206
0 0.635524 0.742781 0.011743 0.014958
0 0.651275 0.709229 0.007827 0.013001
0 0.674024 0.638910 0.010456 0.007408
0 0.606630 0.605567 0.013234 0.014258
0 0.592837 0.610599 0.013234 0.009506
0 0.538221 0.606476 0.011369 0.011885
0 0.482040 0.587184 0.013419 0.007130
0 0.549983 0.589000 0.010251 0.006572
0 0.583163 0.589420 0.009878 0.009365
0 0.559947 0.577258 0.017130 0.011044
0 0.575222 0.578306 0.022368 0.024603
0 0.787740 0.651073 0.012675 0.010484
0 0.760804 0.632199 0.012487 0.008529
0 0.858198 0.586694 0.019015 0.008388
0 0.874965 0.579844 0.009342 0.013423
0 0.732378 0.554750 0.013419 0.011602
0 0.578317 0.557757 0.014352 0.009506
0 0.615969 0.546850 0.012116 0.014261
0 0.573935 0.524971 0.008948 0.007691
0 0.585951 0.508196 0.011015 0.008807
0 0.593499 0.507707 0.005608 0.009506
0 0.596286 0.507979 0.008201 0.007004
0 0.676252 0.515179 0.020876 0.018021
0 0.694147 0.516303 0.021620 0.011605
0 0.705236 0.501276 0.016591 0.007269
0 0.685570 0.492257 0.012675 0.017475
0 0.739909 0.516793 0.017708 0.010625
0 0.896485 0.485268 0.012116 0.009087
0 0.808327 0.465206 0.018102 0.009787
0 0.661916 0.461642 0.010810 0.008527
0 0.663204 0.444656 0.037282 0.022369
0 0.692469 0.427390 0.010810 0.013281
0 0.720149 0.418513 0.012864 0.009784
0 0.718284 0.437597 0.011369 0.009087
0 0.892766 0.378110 0.020301 0.013140
0 0.874863 0.330997 0.032245 0.019013
0 0.706336 0.371270 0.010582 0.015144
0 0.680437 0.361663 0.013644 0.008460
0 0.679324 0.356597 0.016710 0.010025
0 0.680437 0.363594 0.028406 0.021930
0 0.666931 0.385316 0.020608 0.015037
0 0.658925 0.395445 0.013505 0.007309
0 0.644443 0.384062 0.017126 0.007103
0 0.636298 0.353726 0.010863 0.014933
0 0.594945 0.355188 0.016987 0.011592
0 0.648203 0.408922 0.011835 0.010246
0 0.630103 0.403904 0.016012 0.011488
0 0.630799 0.391529 0.017404 0.008043
0 0.585964 0.446412 0.014620 0.008991
0 0.606849 0.402181 0.020747 0.010340
0 0.597381 0.396959 0.014623 0.007416
0 0.601837 0.386412 0.016571 0.014725
0 0.586729 0.379416 0.013366 0.004492
0 0.580673 0.391164 0.014342 0.008772
0 0.581716 0.384742 0.030635 0.025377
0 0.578385 0.401522 0.017265 0.013738
0 0.577555 0.403628 0.019554 0.012331
0 0.561738 0.421968 0.030155 0.009928
0 0.552407 0.420661 0.009735 0.008812
0 0.557745 0.417765 0.012354 0.009266
0 0.563619 0.412855 0.017794 0.008611
0 0.573122 0.411445 0.008862 0.007304
0 0.558922 0.413787 0.017123 0.006949
0 0.539377 0.417211 0.021293 0.010375
0 0.558748 0.402783 0.019481 0.018080
0 0.549754 0.407139 0.011683 0.012289
0 0.538340 0.406006 0.011548 0.006094
0 0.528032 0.419500 0.009735 0.012949
0 0.520076 0.422247 0.012758 0.008160
0 0.515878 0.417108 0.017391 0.018338
0 0.524709 0.405179 0.012222 0.006855
0 0.520848 0.399408 0.017794 0.005791
0 0.512283 0.409253 0.011286 0.006344
0 0.509329 0.423858 0.007394 0.009065
0 0.511883 0.422370 0.022966 0.012041
0 0.501777 0.414291 0.010407 0.010476
0 0.504630 0.405348 0.008327 0.009412
0 0.501174 0.402480 0.009735 0.009013
0 0.542670 0.379869 0.010942 0.007604
0 0.556235 0.381353 0.019137 0.012994
0 0.545423 0.389562 0.014570 0.014606
0 0.524909 0.384125 0.018667 0.010273
0 0.515542 0.375487 0.008393 0.010627
0 0.606481 0.475317 0.013499 0.008259
0 0.583652 0.457767 0.014302 0.011937
0 0.584793 0.470911 0.035255 0.020900
0 0.556959 0.462577 0.022695 0.008259
0 0.554610 0.461922 0.013697 0.014504
0 0.562970 0.478239 0.014570 0.013095
0 0.558806 0.481663 0.012692 0.010375
0 0.545847 0.485315 0.013902 0.008814
0 0.548995 0.565735 0.013208 0.013519
0 0.546081 0.550732 0.013750 0.014276
0 0.524831 0.522848 0.012897 0.010722
0 0.509803 0.487654 0.010499 0.020511
0 0.500010 0.488819 0.011111 0.015615
0 0.475696 0.477749 0.011260 0.008624
0 0.483819 0.466590 0.018333 0.011944
0 0.504813 0.438177 0.023905 0.015412
0 0.507867 0.437169 0.007989 0.007755
0 0.500481 0.439058 0.009739 0.005689
0 0.477009 0.448147 0.017464 0.013194
0 0.484329 0.452025 0.027943 0.015007
0 0.479330 0.441726 0.018198 0.014152
0 0.431186 0.485645 0.009798 0.010660
0 0.444082 0.472599 0.041002 0.030952
0 0.487816 0.410036 0.010136 0.005494
0 0.480369 0.415246 0.006776 0.012376
0 0.487040 0.400198 0.016402 0.009593
0 0.461738 0.424087 0.018859 0.007560
0 0.463519 0.415210 0.028942 0.017944
0 0.478614 0.410130 0.038373 0.007939
0 0.460256 0.407159 0.030446 0.013430
0 0.471214 0.395929 0.011541 0.010007
0 0.470486 0.391189 0.012295 0.009030
0 0.457621 0.391848 0.016657 0.009216
0 0.443681 0.386522 0.015575 0.012944
0 0.489509 0.384003 0.012021 0.012237
0 0.503874 0.367000 0.011855 0.009125
0 0.480160 0.370902 0.010195 0.008971
0 0.472932 0.370588 0.016121 0.011156
0 0.472731 0.374107 0.008426 0.005228
0 0.562641 0.349656 0.016908 0.009373
0 0.553697 0.342476 0.013942 0.006877
0 0.551814 0.344566 0.014110 0.007416
0 0.550241 0.335229 0.015463 0.006406
0 0.549206 0.343791 0.020225 0.014764
0 0.537566 0.341027 0.010787 0.009643
0 0.533117 0.364421 0.014474 0.013956
0 0.533295 0.359432 0.013932 0.007753
0 0.534959 0.355791 0.010969 0.007753
0 0.520172 0.356062 0.014471 0.012068
0 0.502864 0.353062 0.011336 0.007686
0 0.496619 0.351343 0.014653 0.006674
0 0.519043 0.335599 0.012953 0.010652
0 0.506505 0.329532 0.025628 0.015776
0 0.502145 0.319722 0.014931 0.009643
0 0.505789 0.313554 0.012133 0.006741
0 0.522688 0.311026 0.012136 0.008291
0 0.531004 0.320599 0.015281 0.011664
0 0.529066 0.318037 0.032821 0.020831
0 0.484793 0.324375 0.019606 0.014226
0 0.478730 0.320734 0.013036 0.008562
0 0.465651 0.321307 0.012044 0.006339
0 0.451045 0.324779 0.010159 0.007485
0 0.461427 0.321813 0.024990 0.015169
0 0.441601 0.351811 0.011607 0.009648
0 0.569294 0.325252 0.011498 0.011798
0 0.583366 0.316520 0.014471 0.008899
0 0.585703 0.308901 0.009620 0.007416
0 0.578692 0.291642 0.016809 0.014157
0 0.552169 0.312509 0.018618 0.014497
0 0.549747 0.314463 0.013575 0.009640
0 0.570686 0.318171 0.024911 0.027845
0 0.528127 0.301182 0.015281 0.007889
0 0.534954 0.285001 0.008280 0.024204
0 0.502593 0.281125 0.019067 0.007552
0 0.500076 0.284395 0.013671 0.014901
0 0.549292 0.298013 0.015741 0.011260
0 0.553158 0.297339 0.022394 0.006944
0 0.556935 0.300844 0.016819 0.010315
0 0.561118 0.301990 0.015284 0.007349
0 0.607998 0.311632 0.014653 0.010853
0 0.633525 0.310857 0.008181 0.012135
0 0.656399 0.301519 0.010437 0.013147
0 0.615772 0.304958 0.016538 0.007212
0 0.617346 0.298822 0.018608 0.008562
0 0.629478 0.289890 0.012864 0.009437
0 0.618960 0.288237 0.014124 0.007753
0 0.626381 0.282945 0.009170 0.007954
0 0.618828 0.265079 0.017080 0.013214
0 0.601339 0.275967 0.013042 0.009370
0 0.622154 0.243336 0.012583 0.009370
0 0.615638 0.246741 0.009438 0.007550
0 0.617970 0.249843 0.013942 0.006744
0 0.601339 0.248325 0.012685 0.010449
0 0.587227 0.254898 0.013403 0.013482
0 0.586288 0.265348 0.012047 0.009437
0 0.602244 0.245931 0.021485 0.012001
0 0.572849 0.260326 0.014296 0.008698
0 0.563814 0.251832 0.010248 0.008698
0 0.559006 0.254528 0.015552 0.006133
0 0.558018 0.258168 0.016630 0.006674
0 0.565342 0.236864 0.012404 0.011932
0 0.577991 0.212050 0.016849 0.011912
0 0.636303 0.134945 0.008538 0.007282
0 0.628573 0.133731 0.009256 0.008361
0 0.513100 0.239659 0.011835 0.008876
0 0.500567 0.222898 0.017404 0.014621
0 0.483304 0.245976 0.007937 0.018797
0 0.488942 0.248168 0.009187 0.010652
0 0.500150 0.253130 0.017404 0.008457
0 0.486366 0.257359 0.014061 0.008145
0 0.459563 0.274799 0.013089 0.009816
0 0.460260 0.276887 0.020327 0.011696
0 0.428861 0.267279 0.014897 0.010441
0 0.398089 0.253026 0.016567 0.015561
0 0.415493 0.274485 0.015456 0.006892
0 0.408810 0.273963 0.012950 0.006473
0 0.406792 0.275843 0.020886 0.015456
0 0.354646 0.245924 0.015456 0.012428
0 0.330658 0.178688 0.012566 0.012202
0 0.333962 0.259086 0.024974 0.016917
0 0.307864 0.248213 0.016270 0.014983
0 0.213054 0.152884 0.026743 0.012336
0 0.141283 0.212579 0.019815 0.009425
0 0.116569 0.366968 0.021875 0.012636
0 0.170878 0.372241 0.014342 0.007309
0 0.230119 0.385661 0.016164 0.010548
0 0.237080 0.314335 0.027586 0.018065
0 0.278719 0.303266 0.012252 0.012009
0 0.420813 0.310087 0.024339 0.011235
0 0.418160 0.331145 0.034428 0.013564
0 0.423049 0.330095 0.022156 0.015211
0 0.403236 0.327634 0.015394 0.014033
0 0.379261 0.317572 0.021948 0.011225
0 0.368495 0.313593 0.012897 0.017934
0 0.346549 0.322365 0.013105 0.011937
0 0.364076 0.340813 0.016538 0.010610
0 0.313996 0.323426 0.009983 0.010141
0 0.313424 0.333839 0.010506 0.009593
0 0.325592 0.337155 0.012586 0.010298
0 0.317219 0.340430 0.015602 0.019501
0 0.295898 0.328808 0.018720 0.009204
0 0.300215 0.338984 0.009464 0.008668
0 0.305103 0.355564 0.011753 0.008113
0 0.308171 0.351660 0.021217 0.020290
0 0.335213 0.353021 0.014772 0.013338
0 0.337345 0.359691 0.033803 0.022468
0 0.374165 0.367297 0.019243 0.017550
0 0.393770 0.384497 0.008320 0.005928
0 0.387479 0.384029 0.022986 0.015756
0 0.373125 0.383989 0.016951 0.014432
0 0.282014 0.375370 0.015913 0.009985
0 0.277644 0.376189 0.034011 0.028941
0 0.258509 0.399829 0.014041 0.015218
0 0.288565 0.411765 0.017163 0.009586
0 0.115258 0.422622 0.015648 0.014628
0 0.086673 0.438548 0.010952 0.007493
0 0.070127 0.481058 0.012755 0.010558
0 0.054964 0.482231 0.014438 0.010920
0 0.143355 0.503983 0.023224 0.008393
0 0.095441 0.529308 0.011961 0.013105
0 0.135382 0.556727 0.013211 0.022855
0 0.187907 0.536564 0.013208 0.009829
0 0.184110 0.549473 0.008737 0.008658
0 0.155352 0.568896 0.014666 0.009439
0 0.153687 0.571822 0.008214 0.012170
0 0.129193 0.577749 0.015807 0.009829
0 0.160863 0.583718 0.015496 0.005541
0 0.168404 0.588359 0.016227 0.011699
0 0.175997 0.590309 0.007073 0.016381
0 0.193735 0.626265 0.021842 0.005461
0 0.227444 0.646188 0.011237 0.012674
0 0.247310 0.640626 0.017708 0.009640
0 0.253155 0.620165 0.016448 0.014427
0 0.265473 0.592026 0.011653 0.013462
0 0.259182 0.585296 0.021141 0.012468
0 0.281015 0.571837 0.015701 0.016897
0 0.273249 0.572651 0.014296 0.013983
0 0.277983 0.556016 0.020364 0.017537
0 0.297257 0.531135 0.013363 0.009263
0 0.288978 0.529095 0.016865 0.018006
0 0.267999 0.520791 0.015298 0.012237
0 0.327477 0.504593 0.011653 0.008507
0 0.364926 0.494045 0.013363 0.010838
0 0.376852 0.517238 0.013909 0.009789
0 0.361779 0.514149 0.011885 0.014216
0 0.382298 0.486391 0.013505 0.015665
0 0.350762 0.525135 0.040103 0.058063
0 0.389191 0.542669 0.010863 0.024226
0 0.410982 0.536455 0.017407 0.014725
0 0.421913 0.521992 0.012252 0.008145
0 0.373099 0.401895 0.024669 0.022292
0 0.392412 0.420893 0.013720 0.011012
0 0.417684 0.424864 0.022622 0.009206
0 0.407636 0.431722 0.010708 0.008123
0 0.393796 0.433168 0.030688 0.034298
0 0.380739 0.455100 0.032735 0.011912
0 0.411186 0.472701 0.017331 0.010109
0 0.327308 0.466248 0.018049 0.015794
0 0.341012 0.464353 0.015820 0.010764
0 0.287447 0.453158 0.019563 0.013653
0 0.307007 0.463065 0.028082 0.025040
0 0.264674 0.470476 0.021842 0.013651
0 0.230299 0.461231 0.011128 0.011233
0 0.462416 0.505608 0.012755 0.012907
0 0.469395 0.504253 0.011792 0.008393
0 0.478661 0.503351 0.020939 0.012545
0 0.468492 0.502178 0.011673 0.018502
0 0.480225 0.520274 0.009147 0.008847
0 0.464821 0.518018 0.020456 0.012817
0 0.474089 0.529616 0.008905 0.007674
0 0.492260 0.539769 0.011313 0.008844
0 0.477457 0.536835 0.011071 0.010198
0 0.463738 0.532324 0.014441 0.010561
0 0.456278 0.531240 0.015162 0.015794
0 0.442799 0.545410 0.012517 0.014531
0 0.459889 0.550916 0.010830 0.007493
0 0.489071 0.564094 0.015522 0.008395
0 0.470599 0.559311 0.017090 0.016156
0 0.450440 0.557956 0.014081 0.008393
0 0.424026 0.554978 0.011796 0.006771
0 0.367766 0.580430 0.011194 0.009477
0 0.391293 0.573931 0.012513 0.008934
0 0.424327 0.577135 0.017933 0.011731
