0 0.374815 0.713729 0.008353 0.008668
0 0.381845 0.705949 0.015734 0.014829
0 0.391037 0.709187 0.022973 0.009400
0 0.411364 0.723910 0.011835 0.010444
0 0.595866 0.265432 0.025926 0.016215
0 0.647229 0.312194 0.010066 0.013281
0 0.649645 0.311425 0.033198 0.027681
0 0.436316 0.330159 0.022930 0.016498
0 0.395858 0.285563 0.030400 0.019851
0 0.353181 0.341833 0.019570 0.016915
0 0.292032 0.360636 0.019964 0.013142
0 0.165380 0.374406 0.011184 0.011882
0 0.262030 0.422428 0.052751 0.021528
0 0.229028 0.438714 0.026673 0.017755
0 0.225114 0.436897 0.015863 0.016359
0 0.274706 0.463460 0.016964 0.011602
0 0.330058 0.481075 0.019593 0.013281
0 0.259785 0.482543 0.019590 0.007269
0 0.257184 0.501136 0.028522 0.020412
0 0.188674 0.566564 0.013439 0.012582
0 0.192224 0.566143 0.013793 0.017614
0 0.218133 0.580893 0.023489 0.014400
0 0.270876 0.568379 0.015304 0.006431
0 0.266402 0.590818 0.019405 0.014122
0 0.221852 0.608224 0.018287 0.006989
0 0.361756 0.496173 0.022930 0.021949
0 0.372007 0.512111 0.014352 0.009087
0 0.392429 0.542101 0.017404 0.013993
0 0.392568 0.561471 0.014897 0.007832
0 0.382264 0.571131 0.014620 0.010233
0 0.333044 0.576091 0.014481 0.011801
0 0.320582 0.594262 0.016290 0.014725
0 0.306310 0.605435 0.016429 0.006997
0 0.343487 0.590084 0.016987 0.005744
0 0.370289 0.603452 0.016293 0.010337
0 0.361448 0.600267 0.026455 0.015662
0 0.354626 0.634154 0.020886 0.017857
0 0.337708 0.636974 0.016290 0.010129
0 0.376485 0.647155 0.018657 0.006057
0 0.374188 0.661514 0.015731 0.024750
0 0.332487 0.697804 0.011415 0.008564
0 0.496161 0.720255 0.014901 0.012321
0 0.396779 0.688023 0.014200 0.008934
0 0.442389 0.688836 0.016128 0.013628
0 0.424031 0.683872 0.027090 0.017961
0 0.421210 0.656429 0.019015 0.013800
0 0.423677 0.662707 0.024669 0.014621
0 0.458816 0.661213 0.014319 0.011091
0 0.513566 0.667535 0.012166 0.007490
0 0.498223 0.671688 0.022397 0.014531
0 0.519349 0.681525 0.023228 0.014891
0 0.524577 0.668302 0.023598 0.014442
0 0.443560 0.591183 0.016630 0.007822
0 0.454026 0.599947 0.008819 0.009035
0 0.410564 0.586463 0.018614 0.011463
0 0.431288 0.574867 0.018158 0.012135
0 0.466387 0.585553 0.011425 0.008562
0 0.469010 0.539855 0.023952 0.015246
0 0.463510 0.524346 0.014897 0.027254
0 0.506326 0.504661 0.020331 0.016709
0 0.514679 0.517560 0.013089 0.017649
0 0.476806 0.472133 0.021164 0.015769
0 0.474046 0.432044 0.013370 0.009787
0 0.532445 0.410837 0.019011 0.019090
0 0.660309 0.268991 0.019137 0.008814
0 0.686691 0.395208 0.010810 0.012024
0 0.668424 0.409118 0.013793 0.009368
0 0.631143 0.453994 0.017523 0.025583
0 0.786510 0.383046 0.019573 0.015099
0 0.758084 0.423588 0.012675 0.008668
0 0.794134 0.465738 0.011369 0.014120
0 0.787421 0.506751 0.009749 0.010337
0 0.766396 0.507013 0.047619 0.015037
0 0.753578 0.542675 0.018115 0.006997
0 0.697890 0.524712 0.038988 0.025585
0 0.631682 0.539959 0.009051 0.008251
0 0.664403 0.567738 0.011835 0.013889
0 0.560671 0.535887 0.015456 0.013053
0 0.520146 0.549514 0.015470 0.025273
0 0.537688 0.563769 0.020205 0.010340
0 0.546258 0.557712 0.016987 0.013053
0 0.560392 0.551028 0.019633 0.016188
0 0.570757 0.553900 0.029253 0.018589
0 0.575848 0.585229 0.022140 0.014412
0 0.601959 0.637561 0.011954 0.009576
0 0.731779 0.607702 0.034960 0.019814
0 0.720018 0.624860 0.013694 0.010632
0 0.803309 0.595074 0.010473 0.012445
