0 0.233831 0.194606 0.013396 0.010159
0 0.326091 0.216410 0.018168 0.018832
0 0.337727 0.203898 0.020003 0.013132
0 0.327733 0.197827 0.026445 0.013874
0 0.311381 0.281200 0.019177 0.027996
0 0.316584 0.284174 0.010093 0.019573
0 0.134982 0.352309 0.009911 0.009911
0 0.425217 0.334278 0.004395 0.019638
0 0.407432 0.310053 0.013588 0.007884
0 0.400744 0.310484 0.011296 0.010179
0 0.436769 0.269777 0.025245 0.009603
0 0.458757 0.277015 0.027136 0.013475
0 0.461625 0.296939 0.017583 0.033254
0 0.500228 0.255587 0.023697 0.015623
0 0.464396 0.219608 0.012040 0.013616
0 0.414610 0.200472 0.016052 0.011753
0 0.518862 0.215022 0.021978 0.007024
0 0.540516 0.322409 0.031534 0.009606
0 0.548542 0.310513 0.020450 0.009891
0 0.558576 0.299834 0.012232 0.025228
0 0.561062 0.265361 0.024464 0.013043
0 0.566890 0.242428 0.024653 0.010749
0 0.670379 0.288001 0.017199 0.040551
0 0.637221 0.284570 0.029243 0.014477
0 0.633208 0.315601 0.013188 0.012899
0 0.627092 0.319040 0.017391 0.012614
0 0.449155 0.181420 0.027417 0.007959
0 0.812632 0.485718 0.022963 0.008142
0 0.441541 0.365122 0.023948 0.007867
0 0.146212 0.357142 0.014864 0.012140
0 0.150828 0.335585 0.019177 0.012882
0 0.174292 0.317994 0.025437 0.008423
0 0.191133 0.315268 0.013562 0.020813
0 0.236630 0.279714 0.038485 0.016104
0 0.220708 0.245708 0.007599 0.006565
0 0.274135 0.216286 0.011743 0.011148
0 0.280412 0.222789 0.073819 0.012760
0 0.142571 0.380738 0.008575 0.012765
0 0.264306 0.319412 0.062784 0.008313
0 0.293550 0.325799 0.022133 0.008423
0 0.222937 0.327223 0.013380 0.010776
0 0.191720 0.347107 0.012057 0.011396
0 0.224416 0.348531 0.060638 0.045960
0 0.251009 0.333728 0.017030 0.013874
0 0.236812 0.349769 0.012718 0.010779
0 0.238375 0.351504 0.019838 0.010280
0 0.226405 0.357016 0.025933 0.005699
0 0.234583 0.374361 0.025437 0.013380
0 0.242429 0.371388 0.017675 0.011148
0 0.281404 0.355531 0.013065 0.028988
0 0.277445 0.355717 0.010407 0.016230
0 0.293882 0.340417 0.020483 0.009415
0 0.260599 0.351876 0.018995 0.006813
0 0.266875 0.360981 0.025933 0.011644
0 0.266546 0.368724 0.035843 0.016972
0 0.264066 0.369715 0.023290 0.013006
0 0.285210 0.387369 0.015360 0.010159
0 0.413702 0.354968 0.035182 0.017723
0 0.395200 0.366680 0.022629 0.012388
0 0.311951 0.390775 0.012388 0.011024
0 0.309722 0.412702 0.017176 0.013752
0 0.307245 0.413446 0.013214 0.008797
0 0.315422 0.420012 0.016683 0.013998
0 0.327727 0.428931 0.014534 0.007803
0 0.327313 0.436116 0.010407 0.008795
0 0.337718 0.399323 0.012718 0.009043
0 0.356715 0.414190 0.011399 0.017220
0 0.352603 0.431031 0.028247 0.034576
0 0.345820 0.450859 0.029253 0.022175
0 0.345747 0.444602 0.012884 0.011892
0 0.383490 0.425525 0.020645 0.013628
0 0.639995 0.333108 0.012060 0.021310
0 0.609932 0.346735 0.024282 0.011644
0 0.544274 0.365626 0.008257 0.021679
0 0.584246 0.369529 0.006938 0.015858
0 0.589945 0.378077 0.023621 0.016848
0 0.689400 0.391395 0.023952 0.021679
0 0.699888 0.393315 0.039974 0.030474
0 0.702943 0.402235 0.012388 0.016106
0 0.748785 0.415675 0.042278 0.019697
0 0.732751 0.463619 0.043261 0.039023
0 0.699459 0.433452 0.016353 0.018829
0 0.700706 0.442436 0.025420 0.014742
0 0.643051 0.409420 0.012226 0.024033
0 0.658998 0.431285 0.027269 0.005327
0 0.605901 0.428002 0.042946 0.032954
0 0.603829 0.462628 0.037513 0.019204
0 0.614896 0.450610 0.007450 0.023661
0 0.641986 0.508093 0.019673 0.013502
0 0.595322 0.490062 0.032391 0.035689
0 0.595827 0.507473 0.024444 0.033571
0 0.583677 0.497624 0.021984 0.013874
0 0.481109 0.375972 0.016683 0.010159
0 0.556496 0.389412 0.016849 0.015238
0 0.548074 0.412325 0.022794 0.009303
0 0.545265 0.416538 0.027421 0.007073
0 0.518094 0.412207 0.021968 0.016478
0 0.524792 0.420259 0.018849 0.014249
0 0.509769 0.424348 0.018168 0.009043
0 0.507449 0.413445 0.012900 0.010283
0 0.486645 0.403721 0.016187 0.007433
0 0.467963 0.405765 0.013545 0.011024
0 0.409985 0.397651 0.022464 0.018829
0 0.415106 0.405827 0.014537 0.008921
0 0.420638 0.421746 0.017341 0.009043
0 0.557325 0.449000 0.019821 0.018953
0 0.531721 0.441257 0.014864 0.009911
0 0.524206 0.463247 0.046085 0.033323
0 0.504549 0.442436 0.008753 0.023909
0 0.508595 0.445593 0.012553 0.010159
0 0.471101 0.444231 0.012553 0.019821
0 0.510099 0.497872 0.033697 0.019821
0 0.515384 0.494156 0.014206 0.012636
0 0.507275 0.503013 0.014537 0.008547
0 0.484729 0.497253 0.013380 0.012636
0 0.489765 0.490811 0.011892 0.011647
0 0.497943 0.470866 0.019656 0.013874
0 0.476964 0.475883 0.019656 0.021930
0 0.476303 0.482820 0.014041 0.014246
0 0.471019 0.475201 0.014702 0.009167
0 0.461356 0.506048 0.019821 0.021059
0 0.460116 0.503446 0.018995 0.012140
0 0.437189 0.453844 0.013862 0.008566
0 0.416559 0.461874 0.025711 0.016917
0 0.399365 0.459888 0.020417 0.021746
0 0.400860 0.459459 0.025992 0.021746
0 0.402999 0.465300 0.016290 0.006210
0 0.374810 0.456938 0.015559 0.009209
0 0.345688 0.477719 0.012989 0.009635
0 0.346329 0.488106 0.031693 0.023341
0 0.350392 0.480771 0.021286 0.020878
0 0.318705 0.471564 0.018416 0.027304
0 0.307350 0.453738 0.012007 0.013705
0 0.286371 0.453469 0.018562 0.006104
0 0.267955 0.408606 0.021696 0.010813
0 0.271381 0.404913 0.014560 0.010064
0 0.257884 0.427986 0.013578 0.020878
0 0.238403 0.435320 0.013135 0.007282
0 0.239545 0.390512 0.017702 0.012314
0 0.186432 0.390725 0.010291 0.009100
0 0.225268 0.409089 0.050251 0.015206
0 0.195933 0.410480 0.014134 0.008137
0 0.126829 0.422140 0.012718 0.013279
0 0.229868 0.448230 0.014067 0.008792
0 0.218269 0.444852 0.014805 0.012954
0 0.194272 0.451424 0.020853 0.005923
0 0.198221 0.451654 0.011475 0.009717
0 0.206055 0.449618 0.008638 0.007867
0 0.194641 0.457855 0.014190 0.011939
0 0.177801 0.450868 0.011104 0.008700
0 0.176195 0.461834 0.009375 0.007681
0 0.169410 0.472707 0.023687 0.014621
0 0.167743 0.484275 0.010982 0.011659
0 0.127088 0.464609 0.022457 0.009348
0 0.090561 0.471088 0.017530 0.004348
0 0.128816 0.509954 0.013571 0.011198
0 0.104879 0.575285 0.007649 0.011012
0 0.177059 0.511528 0.016286 0.010456
0 0.215673 0.533597 0.023700 0.009070
0 0.216543 0.512591 0.020976 0.019804
0 0.229993 0.511664 0.033069 0.011840
0 0.256951 0.488208 0.012216 0.010642
0 0.260311 0.506796 0.014087 0.008958
0 0.264841 0.530269 0.012487 0.012398
0 0.309256 0.535588 0.032004 0.014876
0 0.309795 0.534988 0.043294 0.016076
0 0.309795 0.529030 0.018340 0.007197
0 0.315389 0.524630 0.028271 0.006399
0 0.251372 0.615412 0.012864 0.013705
0 0.394788 0.508363 0.009722 0.008244
0 0.349678 0.571910 0.010579 0.009206
0 0.394717 0.550817 0.014719 0.011565
0 0.413135 0.554891 0.014147 0.009435
0 0.429701 0.530153 0.008707 0.013703
0 0.552254 0.511683 0.016862 0.005459
0 0.506429 0.527798 0.012864 0.012421
0 0.512495 0.533793 0.015863 0.008137
0 0.497933 0.551673 0.010721 0.012205
0 0.530561 0.546694 0.016273 0.016811
0 0.509932 0.561631 0.016419 0.017130
0 0.572791 0.552059 0.029491 0.017118
0 0.574271 0.570983 0.024554 0.019432
0 0.597277 0.584308 0.020248 0.012029
0 0.686326 0.541768 0.030979 0.015754
0 0.701705 0.537871 0.019679 0.017250
0 0.639679 0.570210 0.019901 0.008956
0 0.628390 0.598984 0.023902 0.018078
0 0.700146 0.596580 0.023684 0.016915
0 0.656141 0.631075 0.013069 0.013266
0 0.520713 0.611323 0.022113 0.029189
0 0.509102 0.623513 0.047986 0.012106
0 0.518943 0.618703 0.018132 0.011776
0 0.523808 0.618372 0.018132 0.008460
0 0.511645 0.631474 0.015036 0.019735
0 0.571238 0.646649 0.013046 0.014926
0 0.527346 0.679568 0.020784 0.011443
0 0.492740 0.658921 0.023218 0.022555
0 0.461450 0.676584 0.014593 0.012770
0 0.460785 0.683632 0.015036 0.008956
0 0.459129 0.690763 0.015698 0.009288
0 0.426071 0.714064 0.017685 0.007463
0 0.425516 0.700634 0.018796 0.017086
0 0.434583 0.689354 0.011720 0.009452
0 0.403404 0.685373 0.012603 0.016089
0 0.396991 0.682471 0.018796 0.016585
0 0.445309 0.640347 0.015479 0.012604
0 0.399092 0.647312 0.012827 0.011939
0 0.445086 0.607427 0.013710 0.018078
0 0.428945 0.608338 0.015919 0.008626
0 0.423418 0.602119 0.011941 0.008127
0 0.385604 0.613977 0.023879 0.013266
0 0.357852 0.639102 0.011280 0.009122
0 0.335298 0.644493 0.016587 0.012934
0 0.309648 0.650795 0.013932 0.010613
0 0.304119 0.698972 0.012603 0.012106
0 0.594439 0.587501 0.025182 0.022671
0 0.594130 0.600314 0.025060 0.021109
