0 0.296792 0.295610 0.049272 0.029861
0 0.215134 0.295955 0.010757 0.020739
0 0.248747 0.277062 0.013962 0.011664
0 0.279812 0.346243 0.011144 0.019072
0 0.188122 0.453533 0.015423 0.016540
0 0.310661 0.477525 0.025132 0.011111
0 0.358862 0.349208 0.034656 0.032041
0 0.345089 0.440513 0.039451 0.016096
0 0.391303 0.348698 0.021892 0.013368
0 0.284507 0.504960 0.025364 0.014881
0 0.265886 0.505087 0.018320 0.017287
0 0.163525 0.311698 0.027447 0.009308
0 0.173925 0.316270 0.014187 0.009970
0 0.183069 0.324988 0.023148 0.008408
0 0.177993 0.337649 0.036078 0.026042
0 0.129798 0.437029 0.011574 0.008358
0 0.206348 0.461066 0.012040 0.015387
0 0.213811 0.387426 0.008555 0.016815
0 0.246958 0.321267 0.044114 0.023785
0 0.342712 0.382624 0.023942 0.012401
0 0.547090 0.342361 0.029497 0.015079
0 0.535400 0.326252 0.015179 0.011632
0 0.385913 0.253633 0.036376 0.009201
0 0.336392 0.570461 0.042824 0.046230
0 0.336009 0.563328 0.057335 0.024980
0 0.515212 0.590086 0.014352 0.033495
0 0.512682 0.597831 0.024636 0.015796
0 0.649747 0.494410 0.024097 0.015893
0 0.239600 0.420610 0.012533 0.013442
0 0.241538 0.450495 0.011104 0.009968
0 0.258876 0.536928 0.020000 0.036858
0 0.272599 0.543312 0.019352 0.010300
0 0.267884 0.537398 0.022037 0.013447
0 0.273958 0.413294 0.010747 0.018849
0 0.289056 0.434293 0.025724 0.044162
0 0.290890 0.411558 0.020668 0.028671
0 0.415923 0.256920 0.023313 0.015179
0 0.221045 0.457810 0.017130 0.011186
0 0.254745 0.449814 0.014782 0.010144
0 0.511111 0.696677 0.024074 0.016220
0 0.491700 0.256659 0.056283 0.005928
0 0.415063 0.326699 0.010483 0.018775
0 0.499223 0.256486 0.051356 0.056225
0 0.535384 0.254291 0.017857 0.019494
0 0.525959 0.262388 0.022024 0.035193
0 0.615278 0.256349 0.013360 0.021032
0 0.558565 0.271962 0.007407 0.016096
0 0.444668 0.283790 0.013079 0.019117
0 0.597140 0.155432 0.013790 0.010020
0 0.312303 0.267605 0.039368 0.010623
0 0.397346 0.209736 0.005737 0.035370
0 0.404069 0.226277 0.017391 0.031066
0 0.408373 0.230311 0.019901 0.051238
0 0.404071 0.253712 0.008069 0.022190
0 0.605914 0.166959 0.017219 0.018690
0 0.595064 0.168876 0.008304 0.008854
0 0.515417 0.221333 0.014934 0.014586
0 0.569762 0.231318 0.009967 0.018926
0 0.487627 0.251417 0.011935 0.020057
0 0.518132 0.250722 0.017374 0.011027
0 0.534228 0.311063 0.012040 0.007031
0 0.521662 0.302468 0.010546 0.017798
0 0.440919 0.287839 0.016911 0.008683
0 0.459094 0.296390 0.016217 0.004948
0 0.436584 0.312323 0.012619 0.015801
0 0.593849 0.159747 0.036839 0.003720
0 0.572669 0.163306 0.037004 0.024529
0 0.710398 0.238907 0.034957 0.011570
0 0.489947 0.308147 0.067725 0.019618
0 0.481349 0.293874 0.027116 0.011607
0 0.427679 0.282106 0.029101 0.008457
0 0.320899 0.263368 0.042328 0.031845
0 0.348727 0.253956 0.019015 0.018180
0 0.322586 0.271007 0.017593 0.014484
0 0.219659 0.225484 0.011673 0.015997
0 0.194527 0.231560 0.010880 0.017187
0 0.765007 0.373831 0.014299 0.015732
0 0.811657 0.486111 0.016369 0.029216
0 0.815493 0.533048 0.023710 0.012971
0 0.814897 0.499554 0.027943 0.008085
0 0.799835 0.505432 0.013029 0.028968
0 0.434087 0.322871 0.010198 0.008073
0 0.416493 0.334547 0.013905 0.018752
0 0.430217 0.336283 0.010301 0.015280
0 0.468353 0.318921 0.037751 0.003646
0 0.458687 0.314101 0.026984 0.024745
0 0.475185 0.311887 0.008810 0.021186
0 0.519463 0.330554 0.021657 0.010766
0 0.520041 0.333723 0.019342 0.013110
0 0.297131 0.289697 0.011835 0.013313
0 0.271849 0.302138 0.029405 0.021786
0 0.220111 0.461313 0.015136 0.011049
0 0.141877 0.396117 0.013528 0.016674
0 0.168790 0.333526 0.011468 0.007324
0 0.218998 0.194312 0.014722 0.011565
0 0.354831 0.214483 0.018466 0.004571
0 0.387368 0.135685 0.026356 0.005397
0 0.233117 0.315587 0.024745 0.004303
0 0.266022 0.379127 0.009504 0.008740
0 0.257419 0.530284 0.010208 0.016540
0 0.250613 0.463120 0.014077 0.012356
0 0.244527 0.433838 0.015000 0.022502
0 0.287984 0.412593 0.011935 0.018986
0 0.296756 0.421633 0.013942 0.020191
0 0.294152 0.447500 0.028264 0.020893
0 0.295223 0.443733 0.032278 0.022401
0 0.341025 0.566688 0.030840 0.023534
0 0.314812 0.527569 0.022176 0.022083
0 0.326364 0.530533 0.030063 0.043819
0 0.328613 0.530476 0.042927 0.012088
0 0.328371 0.513912 0.015202 0.017086
0 0.341078 0.514784 0.016753 0.010461
0 0.340468 0.506126 0.012087 0.022897
0 0.366882 0.512402 0.020317 0.012438
0 0.349474 0.666987 0.019087 0.015094
0 0.353924 0.667764 0.028442 0.009179
0 0.453194 0.654928 0.017447 0.025208
0 0.611743 0.623647 0.011276 0.023619
0 0.498241 0.624178 0.011296 0.017884
0 0.390837 0.619134 0.016316 0.011295
0 0.629216 0.543287 0.019385 0.046798
0 0.819641 0.525739 0.014362 0.020575
0 0.819730 0.487210 0.025301 0.009415
0 0.774365 0.499851 0.014901 0.009415
0 0.351182 0.458204 0.010241 0.015734
0 0.416921 0.432437 0.033366 0.006069
0 0.403543 0.445940 0.016518 0.043482
0 0.401314 0.437826 0.022960 0.013628
0 0.414196 0.463346 0.007434 0.019821
0 0.399082 0.455480 0.014864 0.012760
0 0.394954 0.475982 0.012222 0.016354
0 0.383970 0.477097 0.008753 0.023291
0 0.392394 0.503051 0.019656 0.026637
0 0.398009 0.517111 0.017011 0.029484
0 0.408333 0.508687 0.008591 0.022795
0 0.409077 0.535569 0.013380 0.022299
0 0.380499 0.539658 0.033532 0.023289
0 0.395861 0.548330 0.024613 0.007929
0 0.465484 0.541763 0.021472 0.030476
0 0.382234 0.565611 0.008919 0.021183
0 0.395365 0.570877 0.023952 0.028991
0 0.415519 0.570196 0.025933 0.010035
0 0.409406 0.569514 0.007761 0.025769
0 0.407176 0.562453 0.021144 0.018085
0 0.422455 0.555391 0.034851 0.016600
0 0.433027 0.555330 0.028905 0.040015
0 0.458383 0.574655 0.039312 0.009043
0 0.446405 0.577753 0.033201 0.004831
0 0.442111 0.581778 0.031551 0.011399
0 0.476634 0.510237 0.030225 0.016972
0 0.473826 0.504909 0.030886 0.016476
0 0.451032 0.488495 0.037163 0.009911
0 0.492407 0.495804 0.019821 0.014370
0 0.491582 0.481990 0.014864 0.012016
0 0.482664 0.477469 0.016518 0.021307
0 0.453013 0.469788 0.013710 0.024035
0 0.459125 0.457710 0.012391 0.031590
0 0.458960 0.437144 0.022298 0.021183
0 0.475726 0.427047 0.007927 0.022299
0 0.484067 0.430207 0.019987 0.027378
0 0.502318 0.409395 0.012884 0.022917
0 0.520405 0.392857 0.028905 0.010655
0 0.505045 0.399669 0.042120 0.017344
0 0.473743 0.410015 0.027090 0.025893
0 0.460116 0.412059 0.037824 0.030476
0 0.621052 0.466420 0.016819 0.045866
0 0.775716 0.467759 0.017510 0.026059
0 0.766314 0.471422 0.009772 0.015414
0 0.761338 0.466135 0.029494 0.006223
0 0.761567 0.472148 0.031614 0.006220
0 0.748434 0.459286 0.016776 0.036925
0 0.776407 0.424659 0.029772 0.008018
0 0.707551 0.445288 0.015175 0.010551
0 0.708416 0.441956 0.021098 0.020543
0 0.710445 0.441354 0.020003 0.015268
0 0.632328 0.453735 0.023313 0.010749
0 0.650293 0.467853 0.037841 0.022076
0 0.636055 0.492292 0.019306 0.037698
0 0.509258 0.549444 0.056822 0.034439
0 0.516938 0.561895 0.037493 0.037535
0 0.511156 0.560842 0.010407 0.023043
0 0.545926 0.582273 0.026098 0.022547
0 0.531887 0.576575 0.023125 0.013130
0 0.536346 0.575893 0.014537 0.024405
0 0.605885 0.520394 0.024117 0.035804
0 0.601673 0.510050 0.010734 0.019077
0 0.587384 0.455108 0.052526 0.028371
0 0.597710 0.442223 0.029567 0.007557
0 0.581440 0.505404 0.016849 0.033323
0 0.567399 0.514324 0.047569 0.023911
0 0.558232 0.537366 0.042450 0.010531
0 0.526931 0.526403 0.025437 0.014621
0 0.536014 0.511663 0.042616 0.015117
0 0.561948 0.485150 0.028082 0.011892
0 0.547908 0.498343 0.029732 0.025645
0 0.539484 0.494379 0.026429 0.021679
0 0.531639 0.491468 0.036174 0.009167
0 0.513056 0.486016 0.019821 0.017592
0 0.556414 0.479513 0.035182 0.013752
0 0.556827 0.471832 0.028740 0.016476
0 0.560132 0.457586 0.025437 0.013504
0 0.531887 0.470222 0.042285 0.013256
0 0.517184 0.459443 0.016518 0.028619
0 0.503228 0.467310 0.016680 0.024035
0 0.473743 0.380840 0.013876 0.026510
0 0.477295 0.394777 0.038155 0.010531
0 0.718409 0.454170 0.028254 0.032944
0 0.734449 0.475179 0.013694 0.010179
0 0.726367 0.434970 0.039236 0.038775
0 0.652085 0.393652 0.012351 0.015732
0 0.646777 0.386440 0.021729 0.032006
0 0.610078 0.374681 0.029983 0.012770
0 0.633829 0.382870 0.059716 0.022302
0 0.632280 0.364132 0.014203 0.016657
0 0.629196 0.358996 0.022593 0.010456
0 0.592244 0.349556 0.027404 0.008051
0 0.624699 0.342801 0.026402 0.010459
0 0.637154 0.361078 0.019752 0.055707
0 0.564605 0.347336 0.015314 0.031925
0 0.678051 0.381890 0.026280 0.046453
0 0.686749 0.365557 0.029610 0.015454
0 0.706060 0.370970 0.017397 0.022579
0 0.716238 0.365233 0.014805 0.022396
0 0.626043 0.309756 0.008145 0.016749
0 0.632336 0.321045 0.024924 0.026372
0 0.643380 0.335066 0.027024 0.029983
0 0.643194 0.317853 0.038743 0.011659
0 0.667685 0.321920 0.076376 0.014816
0 0.674287 0.336685 0.045407 0.024338
0 0.706627 0.341358 0.025172 0.017398
0 0.726979 0.338119 0.029626 0.017765
0 0.724264 0.338813 0.037523 0.029705
0 0.747146 0.320259 0.020357 0.012031
0 0.658803 0.315401 0.015668 0.029333
0 0.663614 0.310542 0.016164 0.020543
0 0.661888 0.300040 0.061323 0.011195
0 0.660653 0.283429 0.037880 0.014437
0 0.680147 0.288518 0.020605 0.016104
0 0.687181 0.294163 0.008760 0.037755
0 0.690759 0.279497 0.010737 0.022302
0 0.694769 0.269363 0.032328 0.017212
0 0.690081 0.305268 0.025169 0.007773
0 0.691741 0.309575 0.038608 0.026739
0 0.719507 0.302395 0.030476 0.005930
0 0.715251 0.301243 0.014312 0.019340
0 0.712722 0.288842 0.007282 0.028224
0 0.721852 0.286112 0.029491 0.005370
0 0.727282 0.282688 0.028009 0.005551
0 0.709514 0.284169 0.024802 0.010179
0 0.710939 0.276071 0.016052 0.017490
0 0.760124 0.403514 0.017854 0.011111
0 0.763629 0.407726 0.031392 0.028735
0 0.783107 0.398232 0.025737 0.038904
0 0.794659 0.412655 0.029550 0.018757
0 0.774463 0.411161 0.034263 0.030828
0 0.820708 0.431085 0.025886 0.013083
0 0.840064 0.435387 0.013780 0.018938
0 0.832616 0.394134 0.025331 0.010873
0 0.296144 0.460770 0.012718 0.008976
0 0.191138 0.485863 0.026455 0.019841
0 0.573082 0.637649 0.023148 0.047123
0 0.513889 0.657490 0.016534 0.027282
0 0.452381 0.654018 0.029762 0.037202
0 0.178241 0.277778 0.019841 0.014881
0 0.610780 0.403274 0.029762 0.039683
0 0.256944 0.436012 0.016534 0.017361
0 0.544643 0.582341 0.042989 0.027282
0 0.308201 0.462302 0.039683 0.017361
0 0.296627 0.444940 0.036376 0.022321
0 0.567791 0.238343 0.033069 0.037202
0 0.266865 0.296627 0.029762 0.012401
0 0.535599 0.198698 0.017956 0.011830
0 0.555291 0.206151 0.033995 0.005754
0 0.533879 0.213306 0.028737 0.007912
0 0.423181 0.333643 0.027844 0.013219
0 0.452761 0.331163 0.024372 0.005977
0 0.481647 0.325149 0.024669 0.005605
0 0.510962 0.205035 0.028671 0.022718
0 0.517543 0.207341 0.031779 0.019841
0 0.536756 0.285107 0.020933 0.011830
0 0.256217 0.416431 0.013955 0.017039
0 0.382083 0.659777 0.028492 0.014395
0 0.355638 0.681820 0.022917 0.009425
0 0.389881 0.640272 0.015675 0.020474
0 0.392014 0.669865 0.024173 0.013147
0 0.568271 0.225496 0.058631 0.019940
0 0.571065 0.255394 0.014418 0.019271
0 0.570222 0.246404 0.026091 0.012847
0 0.314104 0.217808 0.067692 0.018006
0 0.388426 0.204700 0.014815 0.020164
0 0.368469 0.217646 0.037335 0.037078
0 0.346197 0.195672 0.015146 0.011830
0 0.350198 0.206796 0.017328 0.010913
0 0.405668 0.203615 0.008175 0.018837
0 0.452497 0.294965 0.015642 0.013244
0 0.667493 0.202232 0.035185 0.020139
0 0.502067 0.179985 0.022321 0.017014
0 0.749643 0.231992 0.026455 0.010570
0 0.355341 0.147123 0.018816 0.027679
0 0.407523 0.131126 0.026356 0.006746
0 0.374735 0.184375 0.012037 0.016270
0 0.753441 0.557636 0.042788 0.016066
0 0.740589 0.573989 0.014709 0.015861
0 0.672636 0.615290 0.022057 0.014062
0 0.666696 0.535792 0.022560 0.021024
0 0.607374 0.639112 0.026323 0.009524
0 0.120604 0.414022 0.026260 0.015806
0 0.112434 0.354328 0.020238 0.013070
0 0.171048 0.367944 0.018287 0.029142
0 0.153819 0.385305 0.020602 0.025422
0 0.329580 0.630171 0.026025 0.050521
0 0.164352 0.539447 0.042989 0.025273
0 0.138757 0.492560 0.021429 0.034722
0 0.118707 0.482943 0.013406 0.012612
0 0.271098 0.626426 0.020833 0.015799
0 0.560847 0.655915 0.046032 0.051910
0 0.509752 0.672631 0.032870 0.015154
0 0.487781 0.655370 0.010284 0.019668
0 0.394957 0.611520 0.055126 0.012674
0 0.371677 0.622054 0.033499 0.015169
0 0.270311 0.576168 0.019841 0.040868
0 0.280757 0.550435 0.024808 0.015548
0 0.238943 0.538938 0.018032 0.023760
0 0.480698 0.598028 0.022507 0.011781
0 0.481316 0.615885 0.017328 0.019916
0 0.504115 0.622018 0.016240 0.022780
0 0.618654 0.565512 0.014689 0.033658
0 0.629530 0.546205 0.020437 0.045982
0 0.354276 0.416855 0.024405 0.015526
0 0.472437 0.351687 0.020337 0.021329
0 0.249162 0.469453 0.027093 0.017145
0 0.253902 0.350608 0.017593 0.042336
0 0.161095 0.267374 0.011938 0.023438
0 0.150628 0.288008 0.015542 0.028993
0 0.743419 0.378187 0.018122 0.035640
0 0.738241 0.506349 0.074312 0.020089
0 0.709243 0.401365 0.022255 0.019640
0 0.745718 0.496156 0.015245 0.019097
0 0.826058 0.463455 0.018981 0.026116
0 0.680818 0.506199 0.018317 0.020439
0 0.703687 0.476512 0.021263 0.011059
0 0.701538 0.469928 0.085615 0.024182
0 0.557077 0.306535 0.031349 0.006572
0 0.200529 0.285838 0.041402 0.044147
