0 0.769917 0.429355 0.013624 0.017098
0 0.745840 0.457176 0.011601 0.007185
0 0.792116 0.501555 0.017156 0.039955
0 0.765291 0.512729 0.054193 0.011376
0 0.794547 0.515506 0.025661 0.019370
0 0.770266 0.521331 0.008125 0.019640
0 0.780018 0.534333 0.005599 0.015575
0 0.778573 0.559794 0.003072 0.017743
0 0.760425 0.536228 0.025645 0.014221
0 0.729454 0.518689 0.027269 0.006773
0 0.728552 0.498170 0.017877 0.012594
0 0.707965 0.514084 0.007040 0.015439
0 0.675549 0.496274 0.015172 0.012865
0 0.607966 0.511865 0.010060 0.022659
0 0.614124 0.518158 0.009511 0.023495
0 0.643214 0.528020 0.049788 0.009650
0 0.681534 0.558752 0.028532 0.045104
0 0.677760 0.547004 0.016505 0.009861
0 0.686991 0.568193 0.022097 0.011119
0 0.718318 0.602808 0.027133 0.011959
0 0.719016 0.609416 0.022378 0.013847
0 0.625592 0.626094 0.015661 0.019931
0 0.332728 0.513647 0.024054 0.010280
0 0.393986 0.564836 0.012867 0.018254
0 0.547970 0.556339 0.022659 0.011329
0 0.564053 0.637109 0.022378 0.009650
0 0.559158 0.672772 0.026571 0.007552
0 0.451048 0.672773 0.027970 0.009231
0 0.440418 0.684625 0.025175 0.011121
0 0.402098 0.658192 0.015665 0.019509
0 0.428112 0.635010 0.027414 0.008393
0 0.727224 0.433351 0.021584 0.008904
0 0.720276 0.434969 0.018482 0.007081
0 0.734711 0.446807 0.006068 0.016188
0 0.696670 0.452826 0.017672 0.007790
0 0.644215 0.448202 0.015856 0.012768
0 0.582889 0.471461 0.025883 0.016265
0 0.565635 0.445841 0.027513 0.018363
0 0.582598 0.425818 0.029031 0.013641
0 0.580208 0.430155 0.029147 0.006907
0 0.462622 0.456866 0.020060 0.020216
0 0.483517 0.443704 0.021729 0.015201
0 0.559458 0.420823 0.084226 0.023036
0 0.570542 0.353126 0.015251 0.011753
0 0.549964 0.355007 0.022566 0.010813
0 0.523428 0.360099 0.025909 0.053909
0 0.512249 0.366368 0.030298 0.043564
0 0.481429 0.368875 0.030926 0.010970
0 0.394294 0.433529 0.015942 0.021399
0 0.373315 0.437830 0.039441 0.009439
0 0.327720 0.440558 0.036644 0.010278
0 0.285341 0.428921 0.014239 0.018690
0 0.214949 0.490939 0.018449 0.020875
0 0.215919 0.467392 0.064405 0.050489
0 0.152485 0.460718 0.030744 0.012865
0 0.117531 0.441300 0.037219 0.043934
0 0.135316 0.416419 0.057966 0.026215
0 0.136305 0.418604 0.026862 0.022331
0 0.195691 0.382072 0.010357 0.019660
0 0.187601 0.393481 0.038191 0.035196
0 0.168019 0.371636 0.024272 0.024516
0 0.116237 0.368965 0.019094 0.009953
0 0.122872 0.372970 0.022007 0.041262
0 0.163813 0.338382 0.050165 0.034710
0 0.149734 0.316778 0.022007 0.014807
0 0.138406 0.320056 0.029775 0.020389
0 0.133643 0.271386 0.008985 0.018021
0 0.128313 0.290427 0.018803 0.011597
0 0.164983 0.246705 0.017341 0.016297
0 0.093838 0.249604 0.019640 0.018961
0 0.122254 0.243415 0.017550 0.007837
0 0.150604 0.209246 0.020142 0.016364
0 0.187923 0.286651 0.028208 0.005330
0 0.197745 0.288218 0.046594 0.019745
0 0.197953 0.302478 0.019431 0.015045
0 0.232523 0.299188 0.009213 0.024134
0 0.244643 0.321988 0.041812 0.025856
0 0.274426 0.316739 0.008985 0.014732
0 0.288834 0.318934 0.027391 0.011910
0 0.268566 0.317680 0.032827 0.031342
0 0.280384 0.285554 0.024656 0.009715
0 0.300754 0.289472 0.009821 0.019117
0 0.281835 0.244810 0.017156 0.015985
0 0.324291 0.273082 0.009931 0.015712
0 0.342078 0.275926 0.032146 0.019234
0 0.422440 0.277822 0.010112 0.018150
0 0.390205 0.305656 0.022573 0.013678
0 0.380994 0.332201 0.010294 0.010429
0 0.398423 0.344459 0.021310 0.020858
0 0.346954 0.343309 0.029253 0.010699
0 0.410701 0.378590 0.013366 0.023569
0 0.448646 0.350284 0.077120 0.015955
0 0.484788 0.315652 0.017890 0.018130
0 0.514282 0.317827 0.014021 0.023571
0 0.500261 0.252917 0.025628 0.007252
0 0.502191 0.262164 0.026604 0.049318
0 0.411296 0.216200 0.022725 0.008160
0 0.451427 0.206409 0.006769 0.022302
0 0.519964 0.165976 0.010397 0.016500
0 0.546678 0.248384 0.023211 0.015593
0 0.578469 0.313113 0.012811 0.010154
0 0.607447 0.678717 0.021085 0.015335
0 0.824587 0.395113 0.006501 0.019368
0 0.815367 0.388679 0.022771 0.019774
0 0.798393 0.389493 0.019160 0.035484
0 0.790266 0.411569 0.018436 0.041987
0 0.773562 0.404255 0.010311 0.021128
0 0.754521 0.403105 0.022030 0.017743
0 0.754970 0.406964 0.020046 0.011106
0 0.742330 0.404526 0.018601 0.020317
0 0.743414 0.414820 0.013905 0.018420
0 0.763097 0.339380 0.024018 0.008938
0 0.681194 0.411488 0.009048 0.012594
0 0.708009 0.407628 0.009590 0.021669
0 0.693843 0.394085 0.015172 0.012460
0 0.658899 0.379457 0.016071 0.010025
0 0.644722 0.344106 0.021310 0.014898
0 0.685446 0.348983 0.015351 0.014355
0 0.689869 0.376951 0.011194 0.018554
0 0.719476 0.368554 0.030718 0.022619
0 0.715604 0.378643 0.017517 0.020045
0 0.716678 0.378103 0.056901 0.015441
0 0.737083 0.380404 0.034147 0.030337
0 0.761915 0.372753 0.034689 0.006637
0 0.779530 0.292302 0.019683 0.011240
0 0.678401 0.299968 0.034130 0.023566
0 0.631991 0.301322 0.012460 0.019504
0 0.638132 0.303218 0.027989 0.026818
0 0.605617 0.316152 0.042457 0.022617
0 0.664228 0.290554 0.034673 0.059730
0 0.663866 0.256897 0.027811 0.005689
0 0.707918 0.219781 0.020605 0.005161
0 0.667388 0.204401 0.012460 0.011243
0 0.661599 0.221744 0.059428 0.015020
0 0.629013 0.245100 0.034673 0.040632
0 0.604443 0.230202 0.012298 0.017066
0 0.596506 0.209764 0.018059 0.009752
0 0.579261 0.257643 0.016432 0.020995
0 0.613029 0.170797 0.023115 0.010429
0 0.581969 0.171746 0.024196 0.015035
0 0.569229 0.178585 0.013922 0.016252
0 0.320630 0.165004 0.025605 0.018847
