0 0.596220 0.336951 0.025271 0.004536
0 0.646268 0.330456 0.021703 0.012718
0 0.708743 0.310911 0.017619 0.015241
0 0.750812 0.339606 0.020162 0.010000
0 0.784468 0.309185 0.015714 0.021312
0 0.800898 0.307221 0.022543 0.021669
0 0.591427 0.316508 0.021749 0.010476
0 0.650880 0.252273 0.018730 0.018455
0 0.713108 0.244118 0.008571 0.019288
0 0.679534 0.197505 0.030007 0.016786
0 0.730572 0.203637 0.014286 0.015479
0 0.571267 0.144523 0.014127 0.015360
0 0.570551 0.240248 0.027622 0.009881
0 0.544200 0.255725 0.013651 0.019883
0 0.530865 0.395802 0.015559 0.019526
0 0.497449 0.386873 0.025241 0.006905
0 0.455458 0.381874 0.013972 0.018574
0 0.501338 0.352583 0.012384 0.023098
0 0.513085 0.337819 0.011746 0.019526
0 0.431171 0.357881 0.010159 0.020122
0 0.475303 0.340320 0.024448 0.008333
0 0.502369 0.314661 0.013495 0.012502
0 0.505941 0.308173 0.014289 0.017383
0 0.494352 0.323712 0.014921 0.027264
0 0.492685 0.304304 0.022381 0.011312
0 0.504036 0.290849 0.032384 0.005836
0 0.488399 0.294659 0.020476 0.009883
0 0.484906 0.299184 0.031908 0.008452
0 0.373623 0.358238 0.014130 0.018455
0 0.346318 0.363120 0.036035 0.014405
0 0.341477 0.345797 0.022226 0.013336
0 0.324172 0.313829 0.019368 0.005595
0 0.358462 0.318889 0.017460 0.015238
0 0.357273 0.342701 0.026194 0.027148
0 0.400622 0.331551 0.018194 0.015087
0 0.409588 0.335572 0.022100 0.007046
0 0.411644 0.332743 0.013770 0.014489
0 0.419615 0.319121 0.020718 0.013549
0 0.398373 0.306243 0.010919 0.014092
0 0.378659 0.305771 0.021776 0.007793
0 0.379089 0.310784 0.023945 0.030223
0 0.504598 0.240804 0.022933 0.012197
0 0.501733 0.238894 0.013347 0.015124
0 0.500916 0.236467 0.017249 0.017830
0 0.464590 0.235910 0.019524 0.008934
0 0.480220 0.269971 0.029679 0.014412
0 0.446622 0.277777 0.025850 0.004462
0 0.436096 0.271197 0.006511 0.025613
0 0.443907 0.274307 0.061591 0.012101
0 0.468623 0.253733 0.023218 0.010079
0 0.444861 0.253068 0.022705 0.010208
0 0.428356 0.237605 0.027447 0.006262
0 0.405567 0.233037 0.007834 0.013767
0 0.411744 0.208482 0.013780 0.007892
0 0.414944 0.214256 0.024537 0.022946
0 0.401108 0.216911 0.013095 0.009392
0 0.391814 0.213053 0.008694 0.012307
0 0.424783 0.197721 0.006921 0.013814
0 0.429129 0.191932 0.020645 0.012609
0 0.429097 0.183782 0.010298 0.013209
0 0.396243 0.193409 0.010701 0.014278
0 0.383318 0.203250 0.012874 0.018187
0 0.367879 0.203121 0.022483 0.010980
0 0.354096 0.215196 0.016419 0.010764
0 0.366252 0.213352 0.020473 0.014625
0 0.375114 0.216765 0.032603 0.009263
0 0.355243 0.225536 0.007490 0.013854
0 0.365051 0.230831 0.018072 0.010977
0 0.355815 0.246527 0.020413 0.006262
0 0.393444 0.228346 0.044666 0.027535
0 0.371481 0.231498 0.023512 0.032897
0 0.359932 0.239969 0.013780 0.011064
0 0.357874 0.242371 0.019504 0.009266
0 0.357045 0.246205 0.056042 0.029807
0 0.374744 0.245713 0.024646 0.015955
0 0.325906 0.261690 0.028082 0.006138
0 0.359272 0.259587 0.037063 0.007676
0 0.356959 0.260575 0.012067 0.019509
0 0.389641 0.258708 0.015096 0.017158
0 0.377402 0.257121 0.024362 0.008834
0 0.364363 0.270759 0.008006 0.020159
0 0.354499 0.275392 0.023046 0.011066
0 0.384552 0.270740 0.012007 0.009913
0 0.373287 0.265592 0.019901 0.006218
0 0.410885 0.250366 0.021445 0.011882
0 0.418461 0.256306 0.022880 0.012180
0 0.406594 0.255706 0.012870 0.018098
0 0.409256 0.266214 0.040033 0.006347
0 0.325866 0.279864 0.020304 0.010531
0 0.327870 0.281362 0.010146 0.017832
0 0.330792 0.286665 0.015579 0.006302
0 0.333199 0.288317 0.025109 0.005920
0 0.324028 0.293506 0.027057 0.005379
0 0.359689 0.294390 0.013128 0.016989
0 0.361481 0.287976 0.027374 0.015997
0 0.389256 0.286442 0.013439 0.016758
0 0.404532 0.287134 0.012814 0.017681
0 0.422872 0.293705 0.024302 0.007302
0 0.405608 0.296589 0.019471 0.027364
0 0.292479 0.295915 0.009263 0.010620
0 0.288112 0.288423 0.014954 0.011215
0 0.295622 0.273932 0.014094 0.014888
0 0.283280 0.273910 0.014028 0.016620
0 0.298929 0.260110 0.014755 0.015831
0 0.279807 0.266389 0.023356 0.012604
0 0.292512 0.256042 0.018065 0.012852
0 0.286523 0.259738 0.026068 0.018559
0 0.295612 0.243905 0.014464 0.011223
0 0.294178 0.233408 0.014871 0.012059
0 0.250825 0.267309 0.018972 0.011915
0 0.235456 0.275146 0.017731 0.014688
0 0.263897 0.282411 0.015374 0.009385
0 0.247391 0.286680 0.018869 0.008842
0 0.175499 0.294483 0.010761 0.011530
0 0.229408 0.292945 0.013221 0.013529
0 0.196300 0.288218 0.021019 0.008380
0 0.192411 0.293483 0.013836 0.011376
0 0.229962 0.580446 0.023337 0.018318
0 0.215007 0.579572 0.012910 0.016362
0 0.152440 0.556727 0.016204 0.008951
0 0.157381 0.524725 0.012090 0.012039
0 0.174051 0.517212 0.012222 0.010188
0 0.189755 0.471354 0.017183 0.014549
0 0.142586 0.486833 0.020106 0.015610
0 0.110170 0.467757 0.015394 0.013093
0 0.139150 0.454493 0.020364 0.009759
0 0.170306 0.432071 0.022364 0.031751
0 0.150941 0.423085 0.020056 0.010337
0 0.116796 0.424147 0.010258 0.007178
0 0.113963 0.420272 0.015466 0.004824
0 0.200655 0.395930 0.016925 0.014747
0 0.140514 0.389320 0.014970 0.012292
0 0.158275 0.372380 0.018601 0.021992
0 0.099099 0.360089 0.022331 0.010298
0 0.096265 0.342517 0.017192 0.022589
0 0.101567 0.291874 0.013545 0.012011
0 0.261744 0.339332 0.011128 0.010479
0 0.246314 0.342754 0.018356 0.009070
0 0.243237 0.326921 0.016303 0.028594
0 0.251594 0.311469 0.014769 0.011223
0 0.277836 0.319694 0.018859 0.011223
0 0.280909 0.309893 0.009636 0.011453
0 0.273940 0.308051 0.012503 0.010992
0 0.261334 0.304668 0.012708 0.011761
0 0.189745 0.318388 0.023677 0.019524
0 0.210597 0.329184 0.022556 0.020531
0 0.198150 0.335564 0.024494 0.013752
0 0.196710 0.327728 0.011184 0.007609
0 0.172727 0.326725 0.018972 0.012984
0 0.164072 0.321612 0.012913 0.011062
0 0.137682 0.333335 0.008095 0.015766
0 0.197784 0.306859 0.017434 0.011069
0 0.207169 0.316313 0.009530 0.007994
0 0.221518 0.311394 0.015271 0.019524
0 0.228914 0.470466 0.014011 0.012173
0 0.208623 0.475806 0.012774 0.009072
0 0.266997 0.479480 0.013022 0.015618
0 0.260220 0.497913 0.014163 0.026069
0 0.242535 0.491052 0.016002 0.011885
0 0.272761 0.245552 0.014861 0.007602
0 0.260155 0.251357 0.016091 0.011984
0 0.237245 0.252552 0.012923 0.011300
0 0.243393 0.254782 0.013128 0.009916
0 0.221257 0.261007 0.013948 0.017604
0 0.201629 0.270538 0.015691 0.013914
0 0.171143 0.269962 0.013733 0.009531
0 0.143108 0.279994 0.008519 0.019293
0 0.141678 0.254205 0.012609 0.010454
0 0.193692 0.235795 0.010453 0.007919
0 0.198299 0.245518 0.011901 0.008150
0 0.179496 0.242251 0.026134 0.025444
0 0.201219 0.223689 0.014666 0.010761
0 0.340045 0.224069 0.012298 0.021223
0 0.337227 0.230218 0.012199 0.008909
0 0.326718 0.225072 0.008621 0.015526
0 0.324724 0.219914 0.008919 0.008455
0 0.315243 0.230760 0.016604 0.009224
0 0.303247 0.218692 0.013333 0.014298
0 0.287520 0.225217 0.011376 0.009070
0 0.270911 0.220303 0.021637 0.028601
0 0.279117 0.217266 0.016911 0.007617
0 0.248672 0.162651 0.013026 0.008770
0 0.266300 0.185981 0.025119 0.026833
0 0.261483 0.181100 0.022047 0.008604
0 0.354388 0.193632 0.018869 0.009839
0 0.307660 0.183367 0.012913 0.032661
0 0.317242 0.144169 0.020397 0.008224
0 0.351371 0.149927 0.020188 0.006997
0 0.389496 0.152278 0.025314 0.008455
0 0.393750 0.161426 0.007586 0.017832
0 0.426911 0.149055 0.011362 0.007832
0 0.474716 0.154046 0.025417 0.007378
0 0.429924 0.135787 0.024610 0.004834
0 0.207356 0.490448 0.016538 0.007235
0 0.238330 0.452495 0.008651 0.008844
0 0.200847 0.436453 0.009841 0.012629
0 0.227350 0.430406 0.014229 0.011208
0 0.224859 0.377887 0.019448 0.013785
0 0.247687 0.373974 0.017669 0.009159
0 0.261382 0.346538 0.010437 0.006047
0 0.267254 0.352362 0.012212 0.008450
0 0.261503 0.350801 0.018026 0.008547
0 0.311308 0.345737 0.022768 0.008537
0 0.304608 0.366637 0.012450 0.017252
0 0.294587 0.357521 0.015179 0.017344
0 0.281483 0.376589 0.024547 0.009427
0 0.288657 0.379701 0.015655 0.008182
0 0.267017 0.391264 0.013399 0.011739
0 0.261146 0.400336 0.008773 0.011917
0 0.283026 0.404960 0.016958 0.009072
0 0.279764 0.417949 0.010433 0.009062
0 0.291622 0.420844 0.011147 0.012716
0 0.307275 0.437476 0.015655 0.009338
0 0.327078 0.433068 0.009249 0.017956
0 0.353819 0.426531 0.023598 0.007016
0 0.337515 0.454993 0.009487 0.021443
0 0.329864 0.450233 0.013876 0.011731
0 0.283322 0.481629 0.012331 0.016374
0 0.284980 0.495499 0.009960 0.007113
0 0.313738 0.476954 0.014349 0.016275
0 0.313977 0.485458 0.016009 0.009784
0 0.243596 0.520935 0.014944 0.007292
0 0.257351 0.528717 0.019213 0.007914
0 0.264521 0.533652 0.013413 0.009784
0 0.285278 0.556740 0.009841 0.008093
0 0.315813 0.584978 0.010437 0.012450
0 0.286705 0.633447 0.008945 0.009435
0 0.291844 0.625309 0.008416 0.014149
0 0.308320 0.615676 0.011958 0.013752
0 0.350838 0.607339 0.028257 0.017540
0 0.343219 0.673175 0.011961 0.010099
0 0.245384 0.651451 0.013466 0.011429
0 0.373113 0.638197 0.014527 0.007773
0 0.411691 0.655206 0.018158 0.005913
0 0.417758 0.649525 0.018426 0.012755
0 0.400706 0.635506 0.009831 0.009435
0 0.399423 0.630558 0.017364 0.006443
0 0.405534 0.635905 0.026220 0.013021
0 0.382060 0.592888 0.017540 0.008038
0 0.413196 0.601161 0.015856 0.009831
0 0.344681 0.565253 0.010982 0.018403
0 0.386181 0.573025 0.011779 0.016143
0 0.414527 0.561400 0.012844 0.011228
0 0.374797 0.541935 0.039329 0.008968
0 0.340164 0.548079 0.011339 0.008504
0 0.311463 0.539044 0.020017 0.011560
0 0.305661 0.522335 0.010542 0.012557
0 0.286432 0.518952 0.019841 0.005146
0 0.297662 0.525513 0.021944 0.015298
0 0.374173 0.522092 0.015271 0.010300
0 0.395742 0.526936 0.028092 0.008916
0 0.417880 0.533814 0.011898 0.009916
0 0.429673 0.524475 0.017831 0.014913
0 0.436893 0.506989 0.026353 0.014067
0 0.437206 0.485580 0.034537 0.023522
0 0.427566 0.494267 0.008519 0.025365
0 0.416247 0.482161 0.007791 0.020216
0 0.386622 0.487542 0.013952 0.009301
0 0.366381 0.495536 0.015281 0.014529
0 0.362434 0.486927 0.014153 0.013145
0 0.444441 0.687319 0.008657 0.012986
0 0.463889 0.653388 0.013638 0.010228
0 0.468097 0.628620 0.019210 0.016367
0 0.485818 0.631065 0.019104 0.005781
0 0.520215 0.621238 0.013638 0.010317
0 0.628363 0.632355 0.015298 0.011917
0 0.626999 0.604963 0.012331 0.019390
0 0.569663 0.599449 0.018380 0.012629
0 0.528753 0.601360 0.008419 0.015032
0 0.497979 0.558805 0.017077 0.012629
0 0.627531 0.539505 0.054666 0.061367
0 0.728505 0.571744 0.027037 0.008983
0 0.671822 0.511713 0.026799 0.008093
0 0.694415 0.494859 0.025496 0.006225
0 0.688424 0.487210 0.009726 0.008537
0 0.726845 0.478316 0.026799 0.008894
0 0.775701 0.499172 0.023479 0.016275
0 0.784358 0.457376 0.021819 0.013953
0 0.635537 0.496726 0.020632 0.016721
0 0.584487 0.504064 0.014821 0.016987
0 0.566225 0.510600 0.016485 0.010675
0 0.580514 0.537325 0.017073 0.020722
0 0.527034 0.530300 0.020635 0.012361
0 0.513811 0.523585 0.012212 0.010494
0 0.477525 0.537060 0.016009 0.009516
0 0.471181 0.524474 0.009722 0.013338
0 0.501774 0.479561 0.012808 0.007827
0 0.515946 0.477560 0.016012 0.008626
0 0.492407 0.452884 0.019921 0.007639
0 0.572214 0.447055 0.012569 0.013251
0 0.540018 0.430468 0.027391 0.006401
0 0.648403 0.430022 0.012923 0.021880
0 0.624271 0.445854 0.014468 0.013519
0 0.626346 0.430913 0.013638 0.033085
0 0.623323 0.417128 0.033439 0.008894
0 0.589764 0.412902 0.029646 0.024990
0 0.658484 0.385554 0.029289 0.009249
0 0.572452 0.366744 0.022768 0.017341
0 0.564980 0.348689 0.018022 0.021967
