0 0.445923 0.185992 0.008122 0.007465
0 0.438414 0.170301 0.010784 0.008296
0 0.414038 0.177560 0.011058 0.008294
0 0.412240 0.186961 0.020552 0.006634
0 0.391227 0.193320 0.022579 0.004700
0 0.396567 0.199644 0.012269 0.014447
0 0.426111 0.231265 0.015298 0.017584
0 0.444866 0.239084 0.018753 0.007865
0 0.413958 0.262820 0.039114 0.009623
0 0.435858 0.284845 0.013323 0.009625
0 0.371698 0.231219 0.024183 0.017676
0 0.371329 0.243757 0.010119 0.011662
0 0.407912 0.245609 0.024309 0.009809
0 0.405260 0.254353 0.011353 0.006939
0 0.390761 0.274572 0.009008 0.016843
0 0.354178 0.273000 0.012338 0.006664
0 0.309390 0.237326 0.017027 0.012679
0 0.348378 0.214516 0.014805 0.005923
0 0.330056 0.190131 0.023075 0.004534
0 0.283479 0.199524 0.007652 0.018323
0 0.263272 0.328444 0.029554 0.016704
0 0.266412 0.356871 0.017844 0.006104
0 0.191607 0.367524 0.010708 0.017344
0 0.220658 0.390062 0.011991 0.017882
0 0.294893 0.401090 0.024554 0.027517
0 0.372555 0.394452 0.011994 0.012098
0 0.314023 0.422826 0.008568 0.013599
0 0.258061 0.408638 0.023985 0.008353
0 0.196460 0.464582 0.045539 0.018738
0 0.217302 0.559510 0.022937 0.018237
0 0.394512 0.421515 0.014931 0.022579
0 0.400192 0.440213 0.044048 0.023596
0 0.421103 0.455061 0.020235 0.009531
0 0.406419 0.455476 0.016038 0.016101
0 0.394390 0.448767 0.014931 0.014901
0 0.390317 0.466395 0.017394 0.014065
0 0.386986 0.458622 0.016412 0.012954
0 0.381434 0.455800 0.024058 0.010270
0 0.372303 0.457328 0.008019 0.017582
0 0.377333 0.463704 0.012603 0.013931
0 0.375344 0.474983 0.009511 0.015923
0 0.363396 0.445627 0.023208 0.006632
0 0.342063 0.444715 0.024769 0.014097
0 0.335650 0.448446 0.021670 0.008956
0 0.311316 0.461218 0.020807 0.015258
0 0.265223 0.498532 0.017027 0.014926
0 0.279043 0.487919 0.011055 0.022887
0 0.396349 0.510141 0.018796 0.015923
0 0.394139 0.491484 0.037371 0.010117
0 0.388722 0.495050 0.033171 0.016255
0 0.308342 0.497537 0.013932 0.017247
0 0.326143 0.479128 0.019904 0.013266
0 0.333991 0.505332 0.008624 0.032505
0 0.373353 0.556911 0.008181 0.018906
0 0.367604 0.568270 0.022331 0.014095
0 0.282692 0.552681 0.017910 0.016086
0 0.312212 0.540740 0.024325 0.010449
0 0.310222 0.557906 0.028743 0.023549
0 0.296842 0.571504 0.021892 0.015588
0 0.291205 0.622336 0.012827 0.026037
0 0.338199 0.252225 0.021346 0.011195
0 0.374845 0.255279 0.011475 0.008420
0 0.621963 0.347867 0.012027 0.011344
0 0.605170 0.392121 0.033376 0.013621
0 0.599635 0.390687 0.005896 0.014816
0 0.616238 0.420857 0.016974 0.011590
0 0.624926 0.424950 0.014897 0.006751
0 0.636989 0.432299 0.012755 0.022882
0 0.648340 0.447056 0.011720 0.008185
0 0.659532 0.448160 0.013231 0.010992
0 0.657781 0.470505 0.008770 0.013981
0 0.678651 0.460856 0.023426 0.009737
0 0.680926 0.434659 0.019835 0.004898
0 0.711668 0.433046 0.009011 0.006572
0 0.703866 0.427698 0.015536 0.011052
0 0.715615 0.418228 0.011951 0.012904
0 0.703507 0.411179 0.019435 0.011947
0 0.674831 0.408641 0.018161 0.005317
0 0.679570 0.409506 0.008525 0.013859
0 0.686615 0.407744 0.013707 0.006992
0 0.726313 0.481341 0.008525 0.009253
0 0.776536 0.517749 0.010486 0.007319
0 0.781101 0.509890 0.012712 0.008976
0 0.796771 0.482682 0.013204 0.007125
0 0.776906 0.432897 0.007774 0.005273
0 0.774929 0.465630 0.023046 0.006399
0 0.772535 0.461311 0.011624 0.013757
0 0.802393 0.438157 0.010559 0.013036
0 0.708940 0.395743 0.009732 0.010201
0 0.715446 0.392361 0.028168 0.014038
0 0.711384 0.396993 0.008046 0.005300
0 0.713452 0.394659 0.007910 0.005434
0 0.691541 0.388641 0.012692 0.021354
0 0.658105 0.369647 0.013876 0.007999
0 0.656351 0.363289 0.009064 0.007277
0 0.646486 0.353850 0.016849 0.004239
0 0.682531 0.365408 0.010876 0.008157
0 0.695380 0.353450 0.021005 0.007118
0 0.717925 0.330615 0.010195 0.014816
0 0.720394 0.316188 0.016091 0.010933
0 0.697976 0.310512 0.016323 0.009621
0 0.689091 0.293994 0.010833 0.007527
0 0.725261 0.262748 0.014940 0.007693
0 0.728598 0.259650 0.013776 0.015233
0 0.710666 0.247103 0.025956 0.010585
0 0.735618 0.243926 0.016667 0.005784
0 0.660914 0.241632 0.010982 0.012555
0 0.674405 0.263543 0.024312 0.007125
0 0.677493 0.254748 0.009167 0.009199
0 0.672432 0.272304 0.016743 0.009598
0 0.659368 0.280583 0.011515 0.009678
0 0.645985 0.282501 0.008638 0.014794
0 0.622738 0.295099 0.022712 0.012956
0 0.630676 0.216497 0.010651 0.006515
0 0.584711 0.241143 0.015837 0.011979
0 0.594762 0.255344 0.022169 0.009397
0 0.602232 0.266187 0.017004 0.013529
0 0.601786 0.277495 0.010053 0.009812
0 0.587500 0.292418 0.011634 0.007436
0 0.572181 0.291255 0.015837 0.007073
0 0.560924 0.243674 0.009157 0.007746
0 0.552181 0.244448 0.008608 0.011461
0 0.597593 0.181567 0.019623 0.017917
0 0.547627 0.187246 0.017821 0.015037
0 0.581804 0.191885 0.008330 0.011835
0 0.577059 0.185006 0.009289 0.016634
0 0.566768 0.172530 0.011293 0.011359
0 0.561334 0.157134 0.014931 0.006639
0 0.498738 0.145177 0.014289 0.010875
0 0.476019 0.145536 0.018142 0.008398
0 0.474420 0.144137 0.021339 0.006558
0 0.544516 0.207925 0.014659 0.012071
0 0.529400 0.219246 0.017953 0.007173
0 0.559208 0.336763 0.028039 0.007227
0 0.513006 0.355260 0.023102 0.013502
0 0.532563 0.358157 0.016171 0.010575
0 0.538337 0.345103 0.018320 0.011471
0 0.533877 0.336590 0.021187 0.016310
0 0.518064 0.341100 0.012027 0.007646
0 0.522247 0.335336 0.007966 0.006034
0 0.551680 0.327233 0.014418 0.010037
0 0.547179 0.324606 0.005099 0.014578
0 0.540051 0.320125 0.015532 0.011709
0 0.526310 0.320751 0.017685 0.013323
0 0.519977 0.299633 0.012824 0.012664
0 0.543117 0.294764 0.011789 0.009499
0 0.533558 0.286848 0.016567 0.007649
0 0.492416 0.347338 0.009481 0.013083
0 0.501815 0.334493 0.019835 0.011292
0 0.509621 0.328459 0.008204 0.010335
0 0.489668 0.334552 0.013383 0.009020
0 0.484211 0.322246 0.009957 0.015474
0 0.483972 0.317347 0.008684 0.005796
0 0.491739 0.318124 0.010833 0.008782
0 0.497474 0.301520 0.010198 0.014876
0 0.442720 0.357716 0.020843 0.009315
0 0.402035 0.345933 0.012278 0.013180
0 0.406746 0.340745 0.018274 0.004283
0 0.432158 0.329343 0.008853 0.014668
0 0.461209 0.322062 0.014706 0.014883
0 0.444863 0.322918 0.012278 0.026233
0 0.515387 0.263601 0.019987 0.010813
0 0.482130 0.289298 0.016858 0.006533
0 0.469216 0.438936 0.011779 0.022976
0 0.479167 0.449883 0.006753 0.018537
0 0.503292 0.420270 0.017556 0.019415
0 0.506053 0.420321 0.012325 0.018485
0 0.507465 0.412034 0.026300 0.011101
0 0.516794 0.420399 0.017007 0.013373
0 0.519754 0.431269 0.010671 0.010533
0 0.527946 0.436277 0.013287 0.011359
0 0.524879 0.439865 0.015565 0.006868
0 0.520580 0.437567 0.017966 0.013115
0 0.532731 0.417971 0.021892 0.011101
0 0.535413 0.417558 0.019835 0.010895
0 0.566807 0.419702 0.020936 0.006920
0 0.575790 0.429098 0.015635 0.008261
0 0.563300 0.437516 0.010741 0.006505
0 0.588429 0.446682 0.022308 0.007693
0 0.600718 0.459203 0.014802 0.009090
0 0.613211 0.482774 0.016806 0.012547
0 0.574349 0.496276 0.016455 0.008777
0 0.556756 0.473248 0.014325 0.008986
0 0.541748 0.479727 0.008542 0.015749
0 0.501506 0.472626 0.021558 0.014871
0 0.467259 0.481716 0.020655 0.008571
0 0.436549 0.491500 0.024104 0.018433
0 0.434175 0.506680 0.011227 0.016679
0 0.446984 0.503867 0.008743 0.017039
0 0.432607 0.531644 0.014692 0.018323
0 0.568661 0.679039 0.015463 0.010077
0 0.573034 0.611217 0.009706 0.010717
0 0.547546 0.601259 0.019729 0.010479
0 0.626812 0.523580 0.009451 0.012676
0 0.667235 0.513251 0.017493 0.016915
0 0.691779 0.502005 0.020767 0.008703
0 0.470288 0.438549 0.019001 0.023234
0 0.433866 0.470098 0.022315 0.011669
0 0.424881 0.437697 0.034497 0.017815
0 0.431731 0.438239 0.020387 0.006300
0 0.447738 0.444950 0.012745 0.018795
0 0.446602 0.437594 0.011300 0.018641
0 0.438857 0.433591 0.010817 0.015387
0 0.481920 0.421690 0.020936 0.017195
0 0.484744 0.413919 0.009507 0.017143
0 0.478275 0.408704 0.009640 0.011153
0 0.459686 0.412035 0.031534 0.014819
0 0.441200 0.411389 0.013287 0.010635
0 0.431248 0.407413 0.032503 0.023338
0 0.440129 0.403823 0.023003 0.005112
0 0.445881 0.394349 0.031326 0.008261
0 0.469355 0.398661 0.021283 0.007073
0 0.468485 0.388729 0.016508 0.010300
0 0.493189 0.392910 0.011518 0.006084
0 0.500513 0.389905 0.018075 0.006843
0 0.495217 0.368890 0.007464 0.012374
0 0.564170 0.403012 0.026766 0.010513
0 0.534099 0.399577 0.022543 0.007349
0 0.542262 0.389480 0.022950 0.010097
0 0.546605 0.390134 0.020790 0.008299
0 0.540747 0.379653 0.020079 0.010873
0 0.582333 0.393961 0.017523 0.013562
0 0.562179 0.380579 0.021984 0.004839
0 0.582528 0.362237 0.015063 0.014757
0 0.593838 0.357398 0.009646 0.006751
0 0.484692 0.280733 0.011138 0.006530
0 0.483408 0.271151 0.014560 0.012847
0 0.473760 0.258816 0.015668 0.016243
0 0.484309 0.247409 0.009504 0.015692
0 0.480899 0.228953 0.008029 0.011682
0 0.475051 0.215613 0.014011 0.007396
0 0.467447 0.164979 0.006726 0.011198
0 0.459383 0.193425 0.008482 0.010714
0 0.455742 0.204759 0.021108 0.011820
0 0.431549 0.211466 0.016405 0.006845
0 0.431043 0.204069 0.013548 0.009333
